  #            4           2
 time:   0.0000000000000000     
 state:           1
   0.000000000       0.000000000       0.000000000       0.000000000    
  0.9352661232       0.000000000       0.000000000       0.000000000    
 state:           2
   0.000000000       0.000000000       0.000000000       0.000000000    
  0.9352661232       0.000000000       0.000000000       0.000000000    
 time:   41.341373336559997     
 state:           1
 -0.6883521397E-02  0.8224127040E-02 -0.2870900382E-01   0.000000000    
  0.9109454151      0.8224127040E-02 -0.2870900382E-01   0.000000000    
 state:           2
 -0.2949518754E-01 -0.1018631503E-01 -0.8717163014E-02   0.000000000    
  0.8883616066     -0.1018631503E-01 -0.8717163017E-02   0.000000000    
 time:   82.682746673119993     
 state:           1
 -0.2727741159E-01  0.3279266825E-01 -0.1132144890       0.000000000    
  0.8388901660      0.3279266825E-01 -0.1132144890       0.000000000    
 state:           2
 -0.1146114345     -0.4061664511E-01 -0.3437629403E-01   0.000000000    
  0.4502988503     -0.4061664511E-01 -0.3437629403E-01   0.000000000    
 time:   124.02412000967999     
 state:           1
 -0.6042121949E-01  0.7339541501E-01 -0.2487434630       0.000000000    
  0.7217871850      0.7339541501E-01 -0.2487434630       0.000000000    
 state:           2
 -0.2451966385     -0.9090676921E-01 -0.7552812803E-01   0.000000000    
  0.1257405577E-01 -0.9090676921E-01 -0.7552812803E-01   0.000000000    
 time:   165.36549334623999     
 state:           1
 -0.1050790727      0.1295197068     -0.4276410523       0.000000000    
  0.5640030294      0.1295197068     -0.4276410523       0.000000000    
 state:           2
 -0.3858512604     -0.1604217115     -0.1298483496       0.000000000    
 -0.4083019871     -0.1604217115     -0.1298483496       0.000000000    
 time:   206.70686668279998     
 state:           1
 -0.1595857612      0.2004569040     -0.6398028613       0.000000000    
  0.3714211835      0.2004569040     -0.6398028613       0.000000000    
 state:           2
 -0.5795708523     -0.2482837587     -0.1942688738       0.000000000    
 -0.8105916753     -0.2482837587     -0.1942688738       0.000000000    
 time:   248.04824001935998     
 state:           1
 -0.2219088296      0.2853113357     -0.8732456827       0.000000000    
  0.1512226742      0.2853113357     -0.8732456827       0.000000000    
 state:           2
 -0.8388622885     -0.3533835423     -0.2651511358       0.000000000    
  -1.180413755     -0.3533835423     -0.2651511358       0.000000000    
 time:   289.38961335592001     
 state:           1
 -0.2897243640      0.3830116083      -1.114784327       0.000000000    
 -0.8838169671E-01  0.3830116083      -1.114784327       0.000000000    
 state:           2
  -1.127291919     -0.4743940460     -0.3384916024       0.000000000    
  -1.539777128     -0.4743940460     -0.3384916024       0.000000000    
 time:   330.73098669247997     
 state:           1
 -0.3605036464      0.4923241335      -1.350776339       0.000000000    
 -0.3384575174      0.4923241335      -1.350776339       0.000000000    
 state:           2
  -1.430866677     -0.6097873604     -0.4101478973       0.000000000    
  -1.883020483     -0.6097873604     -0.4101478973       0.000000000    
 time:   372.07236002903994     
 state:           1
 -0.4316074460      0.6118687037      -1.567892548       0.000000000    
 -0.5896799152      0.6118687037      -1.567892548       0.000000000    
 state:           2
  -1.737680061     -0.7578539753     -0.4760727687       0.000000000    
  -2.199607876     -0.7578539753     -0.4760727687       0.000000000    
 time:   413.41373336559991     
 state:           1
 -0.5003844313      0.7401359188      -1.753869914       0.000000000    
 -0.8326812634      0.7401359188      -1.753869914       0.000000000    
 state:           2
  -2.036448497     -0.9167243641     -0.5325426840       0.000000000    
  -2.477182938     -0.9167243641     -0.5325426840       0.000000000    
 time:   454.75510670215988     
 state:           1
 -0.5642700336      0.8755062445      -1.898204164       0.000000000    
  -1.058400483      0.8755062445      -1.898204164       0.000000000    
 state:           2
  -2.316923600      -1.084392589     -0.5763681402       0.000000000    
  -2.701860708      -1.084392589     -0.5763681402       0.000000000    
 time:   496.09648003871985     
 state:           1
 -0.6208820749       1.016270461      -1.992743092       0.000000000    
  -1.258420916       1.016270461      -1.992743092       0.000000000    
 state:           2
  -2.571518485      -1.258741629     -0.6050738120       0.000000000    
  -2.856211744      -1.258741629     -0.6050738120       0.000000000    
 time:   537.43785337527981     
 state:           1
 -0.6681095952       1.160651243      -2.032147003       0.000000000    
  -1.425284164       1.160651243      -2.032147003       0.000000000    
 state:           2
  -2.799594061      -1.437570108     -0.6170383622       0.000000000    
  -2.912202190      -1.437570108     -0.6170383622       0.000000000    
 time:   578.77922671183978     
 state:           1
 -0.7041915664       1.306825603      -2.014190308       0.000000000    
  -1.552768199       1.306825603      -2.014190308       0.000000000    
 state:           2
  -2.990141978      -1.618620093     -0.6115860157       0.000000000    
  -2.838500441      -1.618620093     -0.6115860157       0.000000000    
 time:   620.12060004839975     
 state:           1
 -0.7277825571       1.452947906      -1.939887226       0.000000000    
  -1.636119374       1.452947906      -1.939887226       0.000000000    
 state:           2
  -3.109078867      -1.799605602     -0.5890247285       0.000000000    
  -2.573727759      -1.799605602     -0.5890247285       0.000000000    
 time:   661.46197338495972     
 state:           1
 -0.7380029023       1.597173175      -1.813434502       0.000000000    
  -1.672229676       1.597173175      -1.813434502       0.000000000    
 state:           2
  -3.158275564      -1.978241464     -0.5506287949       0.000000000    
  -2.002326151      -1.978241464     -0.5506287949       0.000000000    
 time:   702.80334672151969     
 state:           1
 -0.7344715039       1.737680386      -1.641974371       0.000000000    
  -1.659752615       1.737680386      -1.641974371       0.000000000    
 state:           2
  -3.144515436      -2.152272179     -0.4985668729       0.000000000    
  -1.800514390      -2.152272179     -0.4985668729       0.000000000    
 time:   744.14472005807966     
 state:           1
 -0.7173200412       1.872695458      -1.435191149       0.000000000    
  -1.599153441       1.872695458      -1.435191149       0.000000000    
 state:           2
  -3.072339331      -2.319500391     -0.4357794956       0.000000000    
  -1.676894871      -2.319500391     -0.4357794956       0.000000000    
 time:   785.48609339463962     
 state:           1
 -0.6871880612       2.000513657      -1.204764253       0.000000000    
  -1.492691784       2.000513657      -1.204764253       0.000000000    
 state:           2
  -2.944359602      -2.477814634     -0.3658129853       0.000000000    
  -1.914394194      -2.477814634     -0.3658129853       0.000000000    
 time:   826.82746673119959     
 state:           1
 -0.6451991306       2.119521119     -0.9637085301       0.000000000    
  -1.344337408       2.119521119     -0.9637085301       0.000000000    
 state:           2
  -2.762882081      -2.625215992     -0.2926191522       0.000000000    
  -2.135452695      -2.625215992     -0.2926191522       0.000000000    
 time:   868.16884006775956     
 state:           1
 -0.5929189402       2.228215224     -0.7256391568       0.000000000    
  -1.159622177       2.228215224     -0.7256391568       0.000000000    
 state:           2
  -2.530699577      -2.759843338     -0.2203320903       0.000000000    
  -2.207922626      -2.759843338     -0.2203320903       0.000000000    
 time:   909.51021340431953     
 state:           1
 -0.5322969234       2.325223575     -0.5040026375       0.000000000    
 -0.9454337861       2.325223575     -0.5040026375       0.000000000    
 state:           2
  -2.248014765      -2.879996834     -0.1530346779       0.000000000    
  -2.197357219      -2.879996834     -0.1530346779       0.000000000    
 time:   950.85158674087950     
 state:           1
 -0.4655935649       2.409321317     -0.3113173249       0.000000000    
 -0.7097589310       2.409321317     -0.3113173249       0.000000000    
 state:           2
  -1.931304899      -2.984159391     -0.9452797069E-01   0.000000000    
  -2.125435007      -2.984159391     -0.9452797069E-01   0.000000000    
 time:   992.19296007743947     
 state:           1
 -0.3952961117       2.479446613     -0.1584663654       0.000000000    
 -0.4613854988       2.479446613     -0.1584663654       0.000000000    
 state:           2
  -1.617116236      -3.071015826     -0.4811651246E-01   0.000000000    
  -1.982941399      -3.071015826     -0.4811651246E-01   0.000000000    
 time:   1033.5343334139995     
 state:           1
 -0.3240258280       2.534714043     -0.5408300390E-01   0.000000000    
 -0.2095748830       2.534714043     -0.5408300390E-01   0.000000000    
 state:           2
  -1.308894137      -3.139469468     -0.1642169002E-01   0.000000000    
  -1.789363490      -3.139469468     -0.1642169002E-01   0.000000000    
 time:   1074.8757067505596     
 state:           1
 -0.2544402532       2.574425785     -0.4062964463E-02   0.000000000    
  0.3628335609E-01   2.574425785     -0.4062964463E-02   0.000000000    
 state:           2
  -1.012451873      -3.188656004     -0.1233673025E-02   0.000000000    
  -1.559831915      -3.188656004     -0.1233673027E-02   0.000000000    
 time:   1116.2170800871197     
 state:           1
 -0.1891341068       2.598080430     -0.1123145035E-01   0.000000000    
  0.2670216117       2.598080430     -0.1123145035E-01   0.000000000    
 state:           2
 -0.7373396326      -3.217954392     -0.3410302363E-02   0.000000000    
  -1.303772651      -3.217954392     -0.3410302366E-02   0.000000000    
 time:   1157.5584534236798     
 state:           1
 -0.1305425363       2.605379308     -0.7518357473E-01   0.000000000    
  0.4740360740       2.605379308     -0.7518357473E-01   0.000000000    
 state:           2
 -0.4940056841      -3.226994703     -0.2282863875E-01   0.000000000    
  -1.026741857      -3.226994703     -0.2282863875E-01   0.000000000    
 time:   1198.8998267602399     
 state:           1
 -0.8085031473E-01   2.596230261     -0.1923072284       0.000000000    
  0.6496075501       2.596230261     -0.1923072284       0.000000000    
 state:           2
 -0.2928381679      -3.215662792     -0.5839190624E-01   0.000000000    
 -0.7290885074      -3.215662792     -0.5839190625E-01   0.000000000    
 time:   1240.2412000968000     
 state:           1
 -0.4191037472E-01   2.570748808     -0.3559870977       0.000000000    
  0.7871892990       2.570748808     -0.3559870977       0.000000000    
 state:           2
 -0.1426475385      -3.184101739     -0.1080914400       0.000000000    
 -0.4023886132      -3.184101739     -0.1080914400       0.000000000    
 time:   1281.5825734333600     
 state:           1
 -0.1517471582E-01   2.529256684     -0.5569783059       0.000000000    
  0.8816511474       2.529256684     -0.5569783059       0.000000000    
 state:           2
 -0.4603581299E-01  -3.132710042     -0.1691201381       0.000000000    
 -0.2120384890E-01  -3.132710042     -0.1691201381       0.000000000    
 time:   1322.9239467699201     
 state:           1
 -0.1640262135E-02   2.472277779     -0.7839285776       0.000000000    
  0.9294707847       2.472277779     -0.7839285776       0.000000000    
 state:           2
 -0.4090864369E-03  -3.062136585     -0.2380310110       0.000000000    
  0.4929251114      -3.062136585     -0.2380310110       0.000000000    
 time:   1364.2653201064802     
 state:           1
 -0.1811688838E-02   2.400531522      -1.024019432       0.000000000    
  0.9288651036       2.400531522      -1.024019432       0.000000000    
 state:           2
 -0.6437647885E-02  -2.973272446     -0.3109318726       0.000000000    
   1.305065182      -2.973272446     -0.3109318726       0.000000000    
 time:   1405.6066934430403     
 state:           1
 -0.1568260375E-01   2.314923802      -1.263690188       0.000000000    
  0.8798566888       2.314923802      -1.263690188       0.000000000    
 state:           2
 -0.6693562215E-01  -2.867239646     -0.3837051763       0.000000000    
   1.979963317      -2.867239646     -0.3837051763       0.000000000    
 time:   1446.9480667796004     
 state:           1
 -0.4273578568E-01   2.216535521      -1.489403894       0.000000000    
  0.7842729750       2.216535521      -1.489403894       0.000000000    
 state:           2
 -0.1831493504      -2.745376983     -0.4522405802       0.000000000    
   2.066648200      -2.745376983     -0.4522405802       0.000000000    
 time:   1488.2894401161604     
 state:           1
 -0.8196247068E-01   2.106608956      -1.688411912       0.000000000    
  0.6456781049       2.106608956      -1.688411912       0.000000000    
 state:           2
 -0.3514722022      -2.609223126     -0.5126671049       0.000000000    
   2.017336869      -2.609223126     -0.5126671049       0.000000000    
 time:   1529.6308134527205     
 state:           1
 -0.1318999670       1.986532067      -1.849473978       0.000000000    
  0.4692400293       1.986532067      -1.849473978       0.000000000    
 state:           2
 -0.5656322202      -2.460497187     -0.5615717726       0.000000000    
   1.833868053      -2.460497187     -0.5615717725       0.000000000    
 time:   1570.9721867892806     
 state:           1
 -0.1906861961       1.857820975      -1.963493075       0.000000000    
  0.2615378035       1.857820975      -1.963493075       0.000000000    
 state:           2
 -0.8176262320      -2.301077017     -0.5961923765       0.000000000    
   1.497338429      -2.301077017     -0.5961923764       0.000000000    
 time:   1612.3135601258407     
 state:           1
 -0.2561291264       1.722100820      -2.024029238       0.000000000    
  0.3031626611E-01   1.722100820      -2.024029238       0.000000000    
 state:           2
  -1.097241996      -2.132975497     -0.6145734950       0.000000000    
  0.5720111186      -2.132975497     -0.6145734949       0.000000000    
 time:   1653.6549334624008     
 state:           1
 -0.3257885100       1.581085238      -2.027663296       0.000000000    
 -0.2158027525       1.581085238      -2.027663296       0.000000000    
 state:           2
  -1.393330101      -1.958315118     -0.6156769356       0.000000000    
 -0.3838327235      -1.958315118     -0.6156769356       0.000000000    
 time:   1694.9963067989609     
 state:           1
 -0.3970668752       1.436554727      -1.974189994       0.000000000    
 -0.4676419217       1.436554727      -1.974189994       0.000000000    
 state:           2
  -1.694112995      -1.779301187     -0.5994403745       0.000000000    
  -1.286061048      -1.779301187     -0.5994403745       0.000000000    
 time:   1736.3376801355209     
 state:           1
 -0.4673063813       1.290334167      -1.866629579       0.000000000    
 -0.7158106166       1.290334167      -1.866629579       0.000000000    
 state:           2
  -1.988353622      -1.598193978     -0.5667808761       0.000000000    
  -2.095892139      -1.598193978     -0.5667808761       0.000000000    
 time:   1777.6790534720810     
 state:           1
 -0.5338879248       1.144269775      -1.711057222       0.000000000    
 -0.9510550778       1.144269775      -1.711057222       0.000000000    
 state:           2
  -2.266218221      -1.417280199     -0.5195430963       0.000000000    
  -2.791320202      -1.417280199     -0.5195430963       0.000000000    
 time:   1819.0204268086411     
 state:           1
 -0.5943288012       1.000205797      -1.516259874       0.000000000    
  -1.164603467       1.000205797      -1.516259874       0.000000000    
 state:           2
  -2.518992243      -1.238844110     -0.4603950936       0.000000000    
  -3.355220866      -1.238844110     -0.4603950936       0.000000000    
 time:   1860.3618001452012     
 state:           1
 -0.6463752797      0.8599612224      -1.293239973       0.000000000    
  -1.348492953      0.8599612224      -1.293239973       0.000000000    
 state:           2
  -2.738184838      -1.065138692     -0.3926776330       0.000000000    
  -3.773035981      -1.065138692     -0.3926776330       0.000000000    
 time:   1901.7031734817613     
 state:           1
 -0.6880866421      0.7253068133      -1.054594007       0.000000000    
  -1.495866631      0.7253068133      -1.054594007       0.000000000    
 state:           2
  -2.915740139     -0.8983571940     -0.3202154954       0.000000000    
  -4.032492115     -0.8983571940     -0.3202154954       0.000000000    
 time:   1943.0445468183214     
 state:           1
 -0.7179075473      0.5979427508     -0.8138010485       0.000000000    
  -1.601229204      0.5979427508     -0.8138010485       0.000000000    
 state:           2
  -3.044926838     -0.7406054404     -0.2471014476       0.000000000    
  -4.123292294     -0.7406054404     -0.2471014477       0.000000000    
 time:   1984.3859201548814     
 state:           1
 -0.7347260282      0.4794771660     -0.5844614324       0.000000000    
  -1.660651895      0.4794771660     -0.5844614324       0.000000000    
 state:           2
  -3.120856296     -0.5938752450     -0.1774650774       0.000000000    
  -4.036896993     -0.5938752450     -0.1774650774       0.000000000    
 time:   2025.7272934914415     
 state:           1
 -0.7379149541      0.3714058351     -0.3795285933       0.000000000    
  -1.671918939      0.3714058351     -0.3795285933       0.000000000    
 state:           2
  -3.140422669     -0.4600192605     -0.1152395478       0.000000000    
  -3.766430117     -0.4600192605     -0.1152395478       0.000000000    
 time:   2067.0686668280014     
 state:           1
 -0.7273554159      0.2750932942     -0.2105774356       0.000000000    
  -1.634610208      0.2750932942     -0.2105774356       0.000000000    
 state:           2
  -3.101969432     -0.3407275864     -0.6393944720E-01   0.000000000    
  -3.306691072     -0.3407275864     -0.6393944721E-01   0.000000000    
 time:   2108.4100401645615     
 state:           1
 -0.7034411595      0.1917556099     -0.8715056600E-01   0.000000000    
  -1.550116878      0.1917556099     -0.8715056600E-01   0.000000000    
 state:           2
  -3.005521108     -0.2375064297     -0.2646227977E-01   0.000000000    
  -2.655141651     -0.2375064297     -0.2646227976E-01   0.000000000    
 time:   2149.7514135011215     
 state:           1
 -0.6670639039      0.1224450247     -0.1621931344E-01   0.000000000    
  -1.421589550      0.1224450247     -0.1621931344E-01   0.000000000    
 state:           2
  -2.853760997     -0.1516590866     -0.4924810357E-02   0.000000000    
  -1.818864627     -0.1516590866     -0.4924810325E-02   0.000000000    
 time:   2191.0927868376816     
 state:           1
 -0.6195800911      0.6803667177E-01 -0.1789977913E-02   0.000000000    
  -1.253820775      0.6803667177E-01 -0.1789977913E-02   0.000000000    
 state:           2
  -2.652442128     -0.8426948765E-01 -0.5435064671E-03   0.000000000    
 -0.8388935779     -0.8426948765E-01 -0.5435064062E-03   0.000000000    
 time:   2232.4341601742417     
 state:           1
 -0.5627603059      0.2921752466E-01 -0.4467754940E-01   0.000000000    
  -1.053066346      0.2921752466E-01 -0.4467754940E-01   0.000000000    
 state:           2
  -2.409801223     -0.3618851083E-01 -0.1356583056E-01   0.000000000    
  0.1657998017     -0.3618851083E-01 -0.1356583046E-01   0.000000000    
 time:   2273.7755335108018     
 state:           1
 -0.4987232548      0.6477723760E-02 -0.1424596756       0.000000000    
 -0.8268120307      0.6477723760E-02 -0.1424596756       0.000000000    
 state:           2
  -2.135663685     -0.8023238766E-02 -0.4325626286E-01   0.000000000    
  0.9815688685     -0.8023238767E-02 -0.4325626274E-01   0.000000000    
 time:   2315.1169068473619     
 state:           1
 -0.4298567632      0.1043875658E-03 -0.2896134801       0.000000000    
 -0.5834944406      0.1043875658E-03 -0.2896134801       0.000000000    
 state:           2
  -1.840703615     -0.1292933128E-03 -0.8793784464E-01   0.000000000    
   1.387049050     -0.1292933143E-03 -0.8793784451E-01   0.000000000    
 time:   2356.4582801839219     
 state:           1
 -0.3587287372      0.1017798743E-01 -0.4778275019       0.000000000    
 -0.3321864465      0.1017798743E-01 -0.4778275019       0.000000000    
 state:           2
  -1.536046190     -0.1260634542E-01 -0.1450868952       0.000000000    
   1.284040917     -0.1260634542E-01 -0.1450868950       0.000000000    
 time:   2397.7996535204820     
 state:           1
 -0.2879914115      0.3657133152E-01 -0.6964711398       0.000000000    
 -0.8225886665E-01  0.3657133152E-01 -0.6964711398       0.000000000    
 state:           2
  -1.233018846     -0.4529685667E-01 -0.2114755531       0.000000000    
  0.7349387455     -0.4529685667E-01 -0.2114755530       0.000000000    
 time:   2439.1410268570421     
 state:           1
 -0.2202824526      0.7895117081E-01 -0.9331950833       0.000000000    
  0.1569689540      0.7895117081E-01 -0.9331950833       0.000000000    
 state:           2
 -0.9427918341     -0.9778806840E-01 -0.2833540905       0.000000000    
 -0.6462758186E-01 -0.9778806840E-01 -0.2833540905       0.000000000    
 time:   2480.4824001936022     
 state:           1
 -0.1581266043      0.1367824067      -1.174628820       0.000000000    
  0.3765766449      0.1367824067      -1.174628820       0.000000000    
 state:           2
 -0.6759121204     -0.1694172133     -0.3566627032       0.000000000    
 -0.8440776127     -0.1694172133     -0.3566627032       0.000000000    
 time:   2521.8237735301623     
 state:           1
 -0.1038415453      0.2093348474      -1.407135822       0.000000000    
  0.5683754346      0.2093348474      -1.407135822       0.000000000    
 state:           2
 -0.4419234028     -0.2592798836     -0.4272608142       0.000000000    
  -1.385725051     -0.2592798836     -0.4272608143       0.000000000    
 time:   2563.1651468667224     
 state:           1
 -0.5945146661E-01  0.2956924274      -1.617583756       0.000000000    
  0.7252134948      0.2956924274      -1.617583756       0.000000000    
 state:           2
 -0.2493150198     -0.3662414505     -0.4911609396       0.000000000    
  -1.631598133     -0.3662414505     -0.4911609397       0.000000000    
 time:   2604.5065202032824     
 state:           1
 -0.2661159364E-01  0.3947647740      -1.794086216       0.000000000    
  0.8412426195      0.3947647740      -1.794086216       0.000000000    
 state:           2
 -0.1055460138     -0.4889513902     -0.5447539075       0.000000000    
  -1.643301441     -0.4889513902     -0.5447539075       0.000000000    
 time:   2645.8478935398425     
 state:           1
 -0.6546465516E-02  0.5053009748      -1.926674088       0.000000000    
  0.9121362936      0.5053009748      -1.926674088       0.000000000    
 state:           2
 -0.1667943054E-01 -0.6258603360     -0.5850127092       0.000000000    
  -1.507198218     -0.6258603360     -0.5850127092       0.000000000    
 time:   2687.1892668764026     
 state:           1
 -0.4274385558E-05  0.6259053716      -2.007858615       0.000000000    
  0.9352510210      0.6259053716      -2.007858615       0.000000000    
 state:           2
  0.1316467722E-01 -0.7752396407     -0.6096634691       0.000000000    
  -1.290186769     -0.7752396407     -0.6096634691       0.000000000    
 time:   2728.5306402129627     
 state:           1
 -0.7228966666E-02  0.7550551828      -2.033054378       0.000000000    
  0.9097248954      0.7550551828      -2.033054378       0.000000000    
 state:           2
 -0.1790377577E-01 -0.9352032036     -0.6173138765       0.000000000    
  -1.037010127     -0.9352032036     -0.6173138765       0.000000000    
 time:   2769.8720135495228     
 state:           1
 -0.2795114673E-01  0.8911197303      -2.000838284       0.000000000    
  0.8365097397      0.8911197303      -2.000838284       0.000000000    
 state:           2
 -0.1094767585      -1.103731284     -0.6075318252       0.000000000    
 -0.7779589639      -1.103731284     -0.6075318253       0.000000000    
 time:   2811.2133868860828     
 state:           1
 -0.6139812217E-01   1.032381029      -1.913029943       0.000000000    
  0.7183356137       1.032381029      -1.913029943       0.000000000    
 state:           2
 -0.2585155387      -1.278696004     -0.5808698197       0.000000000    
 -0.5354525758      -1.278696004     -0.5808698197       0.000000000    
 time:   2852.5547602226429     
 state:           1
 -0.1063227161       1.177055477      -1.774588899       0.000000000    
  0.5596090158       1.177055477      -1.774588899       0.000000000    
 state:           2
 -0.4584931797      -1.457888215     -0.5388337687       0.000000000    
 -0.3285636670      -1.457888215     -0.5388337687       0.000000000    
 time:   2893.8961335592030     
 state:           1
 -0.1610497720       1.323316378      -1.593334504       0.000000000    
  0.3662485725       1.323316378      -1.593334504       0.000000000    
 state:           2
 -0.6995904598      -1.639045390     -0.4837979297       0.000000000    
 -0.1749939691      -1.639045390     -0.4837979297       0.000000000    
 time:   2935.2375068957631     
 state:           1
 -0.2235386175       1.469317007      -1.379504268       0.000000000    
  0.1454643429       1.469317007      -1.379504268       0.000000000    
 state:           2
 -0.9711486526      -1.819880193     -0.4188708067       0.000000000    
 -0.9029620592E-01  -1.819880193     -0.4188708067       0.000000000    
 time:   2976.5788802323232     
 state:           1
 -0.2914591573       1.613213921      -1.145175635       0.000000000    
 -0.9451103038E-01   1.613213921      -1.145175635       0.000000000    
 state:           2
  -1.262993619      -1.998109358     -0.3477195780       0.000000000    
 -0.8846309247E-01  -1.998109358     -0.3477195779       0.000000000    
 time:   3017.9202535688833     
 state:           1
 -0.3622787576       1.753190241     -0.9035838276       0.000000000    
 -0.3447293014       1.753190241     -0.9035838276       0.000000000    
 state:           2
  -1.564894426      -2.171482519     -0.2743629690       0.000000000    
 -0.1853893705      -2.171482519     -0.2743629689       0.000000000    
 time:   3059.2616269054433     
 state:           1
 -0.4333566842       1.887478592     -0.6683743032       0.000000000    
 -0.5958602854       1.887478592     -0.6683743032       0.000000000    
 state:           2
  -1.866320903      -2.337810622     -0.2029442677       0.000000000    
 -0.4039584526      -2.337810622     -0.2029442677       0.000000000    
 time:   3100.6030002420034     
 state:           1
 -0.5020425706       2.014383415     -0.4528320366       0.000000000    
 -0.8385397650       2.014383415     -0.4528320366       0.000000000    
 state:           2
  -2.156797073      -2.494993566     -0.1374973060       0.000000000    
 -0.7808445323      -2.494993566     -0.1374973059       0.000000000    
 time:   3141.9443735785635     
 state:           1
 -0.5657752451       2.132302377     -0.2691311661       0.000000000    
  -1.063718664       2.132302377     -0.2691311661       0.000000000    
 state:           2
  -2.426299671      -2.641046719     -0.8171862258E-01   0.000000000    
  -1.371221667      -2.641046719     -0.8171862257E-01   0.000000000    
 time:   3183.2857469151236     
 state:           1
 -0.6221782322       2.239746603     -0.1276473838       0.000000000    
  -1.263000471       2.239746603     -0.1276473838       0.000000000    
 state:           2
  -2.665365157      -2.774125979     -0.3875867866E-01   0.000000000    
  -2.233226685      -2.774125979     -0.3875867869E-01   0.000000000    
 time:   3224.6271202516837     
 state:           1
 -0.6691483670       2.335359476     -0.3637189946E-01   0.000000000    
  -1.428954329       2.335359476     -0.3637189946E-01   0.000000000    
 state:           2
  -2.865119866      -2.892551052     -0.1104391427E-01   0.000000000    
  -3.362511094      -2.892551052     -0.1104391434E-01   0.000000000    
 time:   3265.9684935882437     
 state:           1
 -0.7049342186       2.417933763     -0.4600849313E-03   0.000000000    
  -1.555392121       2.417933763     -0.4600849313E-03   0.000000000    
 state:           2
  -3.017715431      -2.994826673     -0.1396995655E-03   0.000000000    
  -4.606695127      -2.994826673     -0.1396996607E-03   0.000000000    
 time:   3307.3098669248038     
 state:           1
 -0.7282013976       2.486426860     -0.2194029177E-01   0.000000000    
  -1.637599212       2.486426860     -0.2194029177E-01   0.000000000    
 state:           2
  -3.117048961      -3.079661484     -0.6661920461E-02   0.000000000    
  -5.690823141      -3.079661484     -0.6661920545E-02   0.000000000    
 time:   3348.6512402613639     
 state:           1
 -0.7380823133       2.539973956     -0.9959928668E-01   0.000000000    
  -1.672510249       2.539973956     -0.9959928668E-01   0.000000000    
 state:           2
  -3.159191727      -3.145984340     -0.3024219244E-01   0.000000000    
  -6.357551486      -3.145984340     -0.3024219248E-01   0.000000000    
 time:   3389.9926135979240     
 state:           1
 -0.7342085242       2.577898953     -0.2290507767       0.000000000    
  -1.658823461       2.577898953     -0.2290507767       0.000000000    
 state:           2
  -3.142486543      -3.192957831     -0.6954866744E-01   0.000000000    
  -6.462647697      -3.192957831     -0.6954866744E-01   0.000000000    
 time:   3431.3339869344841     
 state:           1
 -0.7167244770       2.599722998     -0.4029831536       0.000000000    
  -1.597049206       2.599722998     -0.4029831536       0.000000000    
 state:           2
  -3.067585069      -3.219988859     -0.1223612587       0.000000000    
  -6.008779647      -3.219988859     -0.1223612586       0.000000000    
 time:   3472.6753602710442     
 state:           1
 -0.6862821200       2.605170538     -0.6115724642       0.000000000    
  -1.489490932       2.605170538     -0.6115724642       0.000000000    
 state:           2
  -2.937535150      -3.226736122     -0.1856970343       0.000000000    
  -5.155831687      -3.226736122     -0.1856970342       0.000000000    
 time:   3514.0167336076042     
 state:           1
 -0.6440165932       2.594172788     -0.8430372810       0.000000000    
  -1.340159293       2.594172788     -0.8430372810       0.000000000    
 state:           2
  -2.757799613      -3.213114429     -0.2559786976       0.000000000    
  -4.142303110      -3.213114429     -0.2559786976       0.000000000    
 time:   3555.3581069441643     
 state:           1
 -0.5915039014       2.566868611      -1.084304135       0.000000000    
  -1.154622592       2.566868611      -1.084304135       0.000000000    
 state:           2
  -2.535880607      -3.179295769     -0.3292366382       0.000000000    
  -3.150040544      -3.179295769     -0.3292366382       0.000000000    
 time:   3596.6994802807244     
 state:           1
 -0.5307021473       2.523602754      -1.321745923       0.000000000    
 -0.9397991578       2.523602754      -1.321745923       0.000000000    
 state:           2
  -2.280514406      -3.125707146     -0.4013331411       0.000000000    
  -2.260653396      -3.125707146     -0.4013331411       0.000000000    
 time:   3638.0408536172845     
 state:           1
 -0.4638785178       2.464921505      -1.541951589       0.000000000    
 -0.7036993640       2.464921505      -1.541951589       0.000000000    
 state:           2
  -2.000810739      -3.053025183     -0.4681960911       0.000000000    
  -1.496375063      -3.053025183     -0.4681960911       0.000000000    
 time:   3679.3822269538446     
 state:           1
 -0.3935247446       2.391565787      -1.732483597       0.000000000    
 -0.4551269431       2.391565787      -1.732483597       0.000000000    
 state:           2
  -1.705973531      -2.962167582     -0.5260489716       0.000000000    
 -0.8610526083      -2.962167582     -0.5260489716       0.000000000    
 time:   3720.7236002904046     
 state:           1
 -0.3222641920       2.304461808      -1.882580420       0.000000000    
 -0.2033507089       2.304461808      -1.882580420       0.000000000    
 state:           2
  -1.405815986      -2.854281533     -0.5716241676       0.000000000    
 -0.3567152015      -2.854281533     -0.5716241677       0.000000000    
 time:   3762.0649736269647     
 state:           1
 -0.2527540364       2.204709364      -1.983764373       0.000000000    
  0.4224106059E-01   2.204709364      -1.983764373       0.000000000    
 state:           2
  -1.110977195      -2.730729233     -0.6023475259       0.000000000    
  0.1331615211E-01  -2.730729233     -0.6023475259       0.000000000    
 time:   3803.4063469635248     
 state:           1
 -0.1875861853       2.093567957      -2.030320437       0.000000000    
  0.2724906945       2.093567957      -2.030320437       0.000000000    
 state:           2
 -0.8322807766      -2.593070685     -0.6164837464       0.000000000    
  0.2448566662      -2.593070685     -0.6164837464       0.000000000    
 time:   3844.7477203000849     
 state:           1
 -0.1291906292       1.972440884      -2.019619061       0.000000000    
  0.4788126026       1.972440884      -2.019619061       0.000000000    
 state:           2
 -0.5799576871      -2.443044000     -0.6132343949       0.000000000    
  0.3338134004      -2.443044000     -0.6132343949       0.000000000    
 time:   3886.0890936366450     
 state:           1
 -0.7974483240E-01   1.842857528      -1.952264673       0.000000000    
  0.6535134162       1.842857528      -1.952264673       0.000000000    
 state:           2
 -0.3633065722      -2.282543452     -0.5927830000       0.000000000    
  0.2772243996      -2.282543452     -0.5927830000       0.000000000    
 time:   3927.4304669732051     
 state:           1
 -0.4109253858E-01   1.706454040      -1.832061549       0.000000000    
  0.7900788599       1.706454040      -1.832061549       0.000000000    
 state:           2
 -0.1909037719      -2.113595564     -0.5562846863       0.000000000    
  0.7444613550E-01  -2.113595564     -0.5562846863       0.000000000    
 time:   3968.7718403097651     
 state:           1
 -0.1467502148E-01   1.564952685      -1.665798936       0.000000000    
  0.8834166566       1.564952685      -1.665798936       0.000000000    
 state:           2
 -0.7068893843E-01  -1.938333513     -0.5058009316       0.000000000    
 -0.2718063475      -1.938333513     -0.5058009316       0.000000000    
 time:   4010.1132136463252     
 state:           1
 -0.1477342290E-02   1.420140096      -1.462867586       0.000000000    
  0.9300464095       1.420140096      -1.462867586       0.000000000    
 state:           2
 -0.8754021139E-02  -1.758970202     -0.4441831317       0.000000000    
 -0.7544597165      -1.758970202     -0.4441831316       0.000000000    
 time:   4051.4545869828853     
 state:           1
 -0.1991618467E-02   1.273844713      -1.234729358       0.000000000    
  0.9282293801       1.273844713      -1.234729358       0.000000000    
 state:           2
 -0.7907743173E-02  -1.577770319     -0.3749115493       0.000000000    
  -1.356796618      -1.577770319     -0.3749115492       0.000000000    
 time:   4092.7959603194454     
 state:           1
 -0.1619867355E-01   1.127913698     -0.9942698304       0.000000000    
  0.8780333222       1.127913698     -0.9942698304       0.000000000    
 state:           2
 -0.6766704343E-01  -1.397021738     -0.3018987440       0.000000000    
  -2.035161121      -1.397021738     -0.3018987439       0.000000000    
 time:   4134.1373336560055     
 state:           1
 -0.4356875233E-01  0.9841896130     -0.7550705054       0.000000000    
  0.7813299553      0.9841896130     -0.7550705054       0.000000000    
 state:           2
 -0.1849238605      -1.219006637     -0.2292685851       0.000000000    
  -2.688107251      -1.219006637     -0.2292685850       0.000000000    
