  #            4           4
 time:   0.0000000000000000     
 state:           1
   0.000000000       0.000000000       0.000000000       0.000000000    
  0.9352661232       0.000000000       0.000000000       0.000000000    
   0.000000000      0.9352661232       0.000000000       0.000000000    
   0.000000000       0.000000000      0.9352661232       0.000000000    
 state:           2
   0.000000000       0.000000000       0.000000000       0.000000000    
  0.9352661232       0.000000000       0.000000000       0.000000000    
   0.000000000      0.9352661232       0.000000000       0.000000000    
   0.000000000       0.000000000      0.9352661232       0.000000000    
 time:   41.341373336559997     
 state:           1
 -0.6883521398E-02  0.8224127040E-02 -0.2870900383E-01   0.000000000    
  0.9109454151      0.8224127040E-02 -0.2870900383E-01   0.000000000    
 -0.6883521398E-02  0.9375857968     -0.2870900383E-01   0.000000000    
 -0.6883521398E-02  0.8224127040E-02  0.8801445246       0.000000000    
 state:           2
 -0.2942688046E-01 -0.1015514322E-01 -0.8669114222E-02   0.000000000    
  0.8883616066     -0.1008925494E-01 -0.8605141951E-02   0.000000000    
 -0.2946732990E-01  0.9191753547     -0.8717163019E-02   0.000000000    
 -0.2924887553E-01 -0.1004298520E-01  0.9001363654       0.000000000    
 time:   82.682746673119993     
 state:           1
 -0.2727741159E-01  0.3279266825E-01 -0.1132144890       0.000000000    
  0.8388901660      0.3279266825E-01 -0.1132144890       0.000000000    
 -0.2727741159E-01  0.9445155289     -0.1132144890       0.000000000    
 -0.2727741159E-01  0.3279266825E-01  0.7178930769       0.000000000    
 state:           2
 -0.1138403912     -0.4035038326E-01 -0.2737015771E-01   0.000000000    
  0.4270813995     -0.4030305908E-01 -0.3168635848E-01   0.000000000    
 -0.1159435100      0.8211623727     -0.3297419710E-01   0.000000000    
 -0.1150907105     -0.4037180322E-01  0.3583365903       0.000000000    
 time:   124.02412000967999     
 state:           1
 -0.6042121948E-01  0.7339541501E-01 -0.2487434629       0.000000000    
  0.7217871850      0.7339541501E-01 -0.2487434629       0.000000000    
 -0.6042121948E-01  0.9559678229     -0.2487434629       0.000000000    
 -0.6042121948E-01  0.7339541501E-01  0.4576759776       0.000000000    
 state:           2
 -0.2458079617     -0.8904987902E-01 -0.3298958017E-01   0.000000000    
  0.3993263123E-02 -0.8922917189E-01 -0.6301190802E-01   0.000000000    
 -0.2557025227      0.4907249220     -0.7051910754E-01   0.000000000    
 -0.2475394983     -0.8877566290E-01  0.2902768548E-01   0.000000000    
 time:   165.36549334623999     
 state:           1
 -0.1050790727      0.1295197068     -0.4276410523       0.000000000    
  0.5640030294      0.1295197068     -0.4276410523       0.000000000    
 -0.1050790727      0.9717980793     -0.4276410523       0.000000000    
 -0.1050790727      0.1295197068      0.1141906666       0.000000000    
 state:           2
 -0.4155202330     -0.1567556785     -0.5015864539E-01   0.000000000    
 -0.3724038809     -0.1547352312     -0.8759491674E-01   0.000000000    
 -0.4447346401      0.2352394881     -0.1195762583       0.000000000    
 -0.4155925523     -0.1523717557     -0.2279755852       0.000000000    
 time:   206.70686668279998     
 state:           1
 -0.1595857612      0.2004569040     -0.6398028612       0.000000000    
  0.3714211836      0.2004569040     -0.6398028612       0.000000000    
 -0.1595857612      0.9918064213     -0.6398028612       0.000000000    
 -0.1595857612      0.2004569040     -0.2931623067       0.000000000    
 state:           2
 -0.5909563370     -0.2457379130     -0.1071318161       0.000000000    
 -0.7647334557     -0.2310044747     -0.1348385530       0.000000000    
 -0.6746380544      0.2304310126E-01 -0.1771451955       0.000000000    
 -0.6448637370     -0.2322515576     -0.4111612430       0.000000000    
 time:   248.04824001935998     
 state:           1
 -0.2219088296      0.2853113357     -0.8732456827       0.000000000    
  0.1512226742      0.2853113357     -0.8732456827       0.000000000    
 -0.2219088296       1.015740218     -0.8732456827       0.000000000    
 -0.2219088296      0.2853113357     -0.7413750547       0.000000000    
 state:           2
 -0.8460897832     -0.3513484569     -0.1741897024       0.000000000    
  -1.132231495     -0.3224564946     -0.2035892205       0.000000000    
 -0.9306829612     -0.1632898164     -0.2391123023       0.000000000    
 -0.9164885184     -0.3310523496     -0.5652600761       0.000000000    
 time:   289.38961335592001     
 state:           1
 -0.2897243640      0.3830116083      -1.114784327       0.000000000    
 -0.8838169665E-01  0.3830116083      -1.114784327       0.000000000    
 -0.2897243640       1.043297276      -1.114784327       0.000000000    
 -0.2897243640      0.3830116083      -1.205131870       0.000000000    
 state:           2
  -1.141851695     -0.4673488892     -0.2547526971       0.000000000    
  -1.499568057     -0.4353711055     -0.2750065386       0.000000000    
  -1.203268466     -0.3392938849     -0.3023947701       0.000000000    
  -1.213272885     -0.4497750761     -0.6902415695       0.000000000    
 time:   330.73098669247997     
 state:           1
 -0.3605036464      0.4923241335      -1.350776340       0.000000000    
 -0.3384575173      0.4923241335      -1.350776340       0.000000000    
 -0.3605036464       1.074129653      -1.350776340       0.000000000    
 -0.3605036464      0.4923241335      -1.658239093       0.000000000    
 state:           2
  -1.461611572     -0.5877620316     -0.3431209252       0.000000000    
  -1.861215091     -0.5692916696     -0.3465259063       0.000000000    
  -1.483468840     -0.5232935808     -0.3613828136       0.000000000    
  -1.523421540     -0.5869966916     -0.7802929755       0.000000000    
 time:   372.07236002903994     
 state:           1
 -0.4316074460      0.6118687036      -1.567892550       0.000000000    
 -0.5896799152      0.6118687036      -1.567892550       0.000000000    
 -0.4316074460       1.107848051      -1.567892550       0.000000000    
 -0.4316074460      0.6118687036      -2.075104571       0.000000000    
 state:           2
  -1.782717679     -0.7753618511     -0.4251184041       0.000000000    
  -2.205148382     -0.7201806465     -0.4154145112       0.000000000    
  -1.773571777     -0.6566793314     -0.4239842940       0.000000000    
  -1.835262772     -0.7407354673     -0.8273215679       0.000000000    
 time:   413.41373336559991     
 state:           1
 -0.5003844315      0.7401359187      -1.753869919       0.000000000    
 -0.8326812639      0.7401359187      -1.753869919       0.000000000    
 -0.5003844315       1.144026733      -1.753869919       0.000000000    
 -0.5003844315      0.7401359187      -2.432183135       0.000000000    
 state:           2
  -2.085131233     -0.9914905488     -0.4950736134       0.000000000    
  -2.518429480     -0.8856750740     -0.4793129800       0.000000000    
  -2.067237565     -0.7973595179     -0.4882466048       0.000000000    
  -2.137051516     -0.9108209048     -0.8189657994       0.000000000    
 time:   454.75510670215988     
 state:           1
 -0.5642700340      0.8755062444      -1.898204173       0.000000000    
  -1.058400485      0.8755062444      -1.898204173       0.000000000    
 -0.5642700340       1.182208898      -1.898204173       0.000000000    
 -0.5642700340      0.8755062444      -2.709306467       0.000000000    
 state:           2
  -2.364493774      -1.213377928     -0.5590852191       0.000000000    
  -2.786757389      -1.064294614     -0.5372756725       0.000000000    
  -2.348206232     -0.9623853113     -0.5497034117       0.000000000    
  -2.418235642      -1.100206766     -0.7265308251       0.000000000    
 time:   496.09648003871985     
 state:           1
 -0.6208820757       1.016270461      -1.992743105       0.000000000    
  -1.258420919       1.016270461      -1.992743105       0.000000000    
 -0.6208820757       1.221912448      -1.992743105       0.000000000    
 -0.6208820757       1.016270461      -2.890822243       0.000000000    
 state:           2
  -2.610034162      -1.446229927     -0.6051125307       0.000000000    
  -2.995421421      -1.254819732     -0.5864237838       0.000000000    
  -2.601627739      -1.138439065     -0.5986566720       0.000000000    
  -2.666035308      -1.329424126     -0.4698066858       0.000000000    
 time:   537.43785337527981     
 state:           1
 -0.6681095965       1.160651243      -2.032147020       0.000000000    
  -1.425284168       1.160651243      -2.032147020       0.000000000    
 -0.6681095965       1.262636076      -2.032147020       0.000000000    
 -0.6681095965       1.160651243      -2.966478186       0.000000000    
 state:           2
  -2.819300810      -1.673452234     -0.6192731918       0.000000000    
  -3.122839020      -1.457957532     -0.6136670943       0.000000000    
  -2.818311682      -1.323641485     -0.6178609288       0.000000000    
  -2.847886300      -1.716158768      0.1175192507       0.000000000    
 time:   578.77922671183978     
 state:           1
 -0.7041915679       1.306825603      -2.014190326       0.000000000    
  -1.552768204       1.306825603      -2.014190326       0.000000000    
 -0.7041915679       1.303865596      -2.014190326       0.000000000    
 -0.7041915679       1.306825603      -2.932001139       0.000000000    
 state:           2
  -2.987137267      -1.899321036     -0.6100053326       0.000000000    
  -3.134721247      -1.678759823     -0.6161571723       0.000000000    
  -2.992034298      -1.512451526     -0.6109425042       0.000000000    
  -2.969090006      -2.019240892      0.4209952563       0.000000000    
 time:   620.12060004839975     
 state:           1
 -0.7277825588       1.452947906      -1.939887243       0.000000000    
  -1.636119380       1.452947906      -1.939887243       0.000000000    
 -0.7277825588       1.345080433      -1.939887243       0.000000000    
 -0.7277825588       1.452947906      -2.789338414       0.000000000    
 state:           2
  -3.103158541      -2.122817354     -0.5927186969       0.000000000    
  -2.954810806      -1.935259580     -0.5937930889       0.000000000    
  -3.109046606      -1.698493947     -0.5877652344       0.000000000    
  -3.054298101      -2.184861611      0.6494436312       0.000000000    
 time:   661.46197338495972     
 state:           1
 -0.7380029041       1.597173175      -1.813434518       0.000000000    
  -1.672229682       1.597173175      -1.813434518       0.000000000    
 -0.7380029041       1.385760198      -1.813434518       0.000000000    
 -0.7380029041       1.597173175      -2.546547812       0.000000000    
 state:           2
  -3.154127915      -2.329012360     -0.5677859529       0.000000000    
  -2.486123939      -2.325041233     -0.5075450097       0.000000000    
  -3.159193112      -1.879996711     -0.5516637605       0.000000000    
  -3.119358090      -2.251194913      0.3467079817       0.000000000    
 time:   702.80334672151969     
 state:           1
 -0.7344715057       1.737680386      -1.641974385       0.000000000    
  -1.659752622       1.737680386      -1.641974385       0.000000000    
 -0.7344715057       1.425391258      -1.641974385       0.000000000    
 -0.7344715057       1.737680386      -2.217342497       0.000000000    
 state:           2
  -3.145548787      -2.510706346     -0.5398502178       0.000000000    
  -2.200265288      -2.619507740     -0.3867693644       0.000000000    
  -3.144558126      -2.056116050     -0.5008772539       0.000000000    
  -3.133225585      -2.356545374      0.1457695718       0.000000000    
 time:   744.14472005807966     
 state:           1
 -0.7173200431       1.872695458      -1.435191160       0.000000000    
  -1.599153447       1.872695458      -1.435191160       0.000000000    
 -0.7173200431       1.463473221      -1.435191160       0.000000000    
 -0.7173200431       1.872695458      -1.820316463       0.000000000    
 state:           2
  -3.083881696      -2.666975328     -0.5139276625       0.000000000    
  -1.929702427      -2.797838417     -0.2839810101       0.000000000    
  -3.071983948      -2.226423587     -0.4364269713       0.000000000    
  -3.086642536      -2.466415080     -0.1423999615E-02   0.000000000    
 time:   785.48609339463962     
 state:           1
 -0.6871880630       2.000513657      -1.204764261       0.000000000    
  -1.492691791       2.000513657      -1.204764261       0.000000000    
 -0.6871880630       1.499525255      -1.204764261       0.000000000    
 -0.6871880630       2.000513657      -1.377894319       0.000000000    
 state:           2
  -2.971265149      -2.796177210     -0.4915496678       0.000000000    
  -1.758577533      -2.852554693     -0.2145014182       0.000000000    
  -2.945820747      -2.391991230     -0.3594131619       0.000000000    
  -2.976651091      -2.564285840     -0.1252828849       0.000000000    
 time:   826.82746673119959     
 state:           1
 -0.6451991322       2.119521119     -0.9637085337       0.000000000    
  -1.344337414       2.119521119     -0.9637085337       0.000000000    
 -0.6451991322       1.533092157     -0.9637085337       0.000000000    
 -0.6451991322       2.119521119     -0.9150647095       0.000000000    
 state:           2
  -2.814909896      -2.900152555     -0.4743603879       0.000000000    
  -1.807268657      -2.865876349     -0.1776690788       0.000000000    
  -2.773099874      -2.556140428     -0.2684535694       0.000000000    
  -2.813242437      -2.640663880     -0.2430599997       0.000000000    
 time:   868.16884006775956     
 state:           1
 -0.5929189416       2.228215225     -0.7256391562       0.000000000    
  -1.159622182       2.228215225     -0.7256391562       0.000000000    
 -0.5929189416       1.563750104     -0.7256391562       0.000000000    
 -0.5929189416       2.228215225     -0.4579689236       0.000000000    
 state:           2
  -2.617218774      -2.982520868     -0.4548813391       0.000000000    
  -1.790717043      -2.902205384     -0.1428684713       0.000000000    
  -2.555368917      -2.709399696     -0.1751469492       0.000000000    
  -2.592989178      -2.705783650     -0.3634293737       0.000000000    
 time:   909.51021340431953     
 state:           1
 -0.5322969245       2.325223575     -0.5040026329       0.000000000    
 -0.9454337900       2.325223575     -0.5040026329       0.000000000    
 -0.5322969245       1.591112000     -0.5040026329       0.000000000    
 -0.5322969245       2.325223575     -0.3242439604E-01   0.000000000    
 state:           2
  -2.382315423      -3.043630622     -0.4239235032       0.000000000    
  -1.736077254      -2.947545727     -0.1080636911       0.000000000    
  -2.297269081      -2.840068418     -0.1031957683       0.000000000    
  -2.318193571      -2.763303729     -0.4722905150       0.000000000    
 time:   950.85158674087950     
 state:           1
 -0.4655935657       2.409321317     -0.3113173170       0.000000000    
 -0.7097589337       2.409321317     -0.3113173170       0.000000000    
 -0.4655935657       1.614832368     -0.3113173170       0.000000000    
 -0.4655935657       2.409321317      0.3375334994       0.000000000    
 state:           2
  -2.112916768      -3.070623565     -0.3771777907       0.000000000    
  -1.662086553      -2.997669670     -0.7388651595E-01   0.000000000    
  -2.007123381      -2.953483759     -0.5194827167E-01   0.000000000    
  -1.997206277      -2.797871278     -0.5608665752       0.000000000    
 time:   992.19296007743947     
 state:           1
 -0.3952961121       2.479446613     -0.1584663555       0.000000000    
 -0.4613855002       2.479446613     -0.1584663555       0.000000000    
 -0.3952961121       1.634611707     -0.1584663555       0.000000000    
 -0.3952961121       2.479446613      0.6310090026       0.000000000    
 state:           2
  -1.811338218      -3.042788683     -0.3109276555       0.000000000    
  -1.581428067      -3.047823164     -0.4401639839E-01   0.000000000    
  -1.692157623      -3.051536782     -0.1756314142E-01   0.000000000    
  -1.643330873      -2.802883907     -0.6185397294       0.000000000    
 time:   1033.5343334139995     
 state:           1
 -0.3240258281       2.534714043     -0.5408299273E-01   0.000000000    
 -0.2095748834       2.534714043     -0.5408299273E-01   0.000000000    
 -0.3240258281       1.650200280     -0.5408299273E-01   0.000000000    
 -0.3240258281       2.534714043      0.8314261908       0.000000000    
 state:           2
  -1.476534614      -2.932347161     -0.2180323421       0.000000000    
  -1.499888742      -3.093700220     -0.2297661055E-01   0.000000000    
  -1.364097718      -3.131916307      0.2087218844E-02   0.000000000    
  -1.265308936      -2.766462564     -0.6300139083       0.000000000    
 time:   1074.8757067505596     
 state:           1
 -0.2544402530       2.574425785     -0.4062951587E-02   0.000000000    
  0.3628335664E-01   2.574425785     -0.4062951587E-02   0.000000000    
 -0.2544402530       1.661401260     -0.4062951587E-02   0.000000000    
 -0.2544402530       2.574425785      0.9274652121       0.000000000    
 state:           2
  -1.089108720      -2.681842896     -0.8401507553E-01   0.000000000    
  -1.403857493      -3.135467486     -0.1090588059E-01   0.000000000    
  -1.050599917      -3.188869879      0.6057802153E-02   0.000000000    
 -0.8616125941      -2.653384040     -0.5565854476       0.000000000    
 time:   1116.2170800871197     
 state:           1
 -0.1891341063       2.598080430     -0.1123143510E-01   0.000000000    
  0.2670216134       2.598080430     -0.1123143510E-01   0.000000000    
 -0.1891341063       1.668073221     -0.1123143510E-01   0.000000000    
 -0.1891341063       2.598080430      0.9137016460       0.000000000    
 state:           2
 -0.5852441805      -2.253373705      0.1113811139       0.000000000    
  -1.288724443      -3.171207519     -0.7266616658E-02   0.000000000    
 -0.7654212772      -3.221287764     -0.4036196379E-02   0.000000000    
 -0.4147124636      -2.328181071     -0.2904248727       0.000000000    
 time:   1157.5584534236798     
 state:           1
 -0.1305425355       2.605379308     -0.7518355834E-01   0.000000000    
  0.4740360769       2.605379308     -0.7518355834E-01   0.000000000    
 -0.1305425355       1.670131921     -0.7518355834E-01   0.000000000    
 -0.1305425355       2.605379308      0.7909128761       0.000000000    
 state:           2
 -0.9057492617E-02  -2.172556990      0.3620641912       0.000000000    
  -1.156767356      -3.187229377     -0.1422674915E-01   0.000000000    
 -0.5164301859      -3.230669639     -0.2698762899E-01   0.000000000    
  0.4199497925E-01  -1.904632624      0.1967368355       0.000000000    
 time:   1198.8998267602399     
 state:           1
 -0.8085031359E-01   2.596230261     -0.1923072125       0.000000000    
  0.6496075542       2.596230261     -0.1923072125       0.000000000    
 -0.8085031359E-01   1.667551368     -0.1923072125       0.000000000    
 -0.8085031359E-01   2.596230261      0.5660341903       0.000000000    
 state:           2
  0.1533452483      -2.800079212      0.6473973874       0.000000000    
  -1.013576077      -3.179138445     -0.1673209077E-01   0.000000000    
 -0.3105827458      -3.218940882     -0.6842665457E-01   0.000000000    
  0.2772812481      -2.248677894      0.7065166250       0.000000000    
 time:   1240.2412000968000     
 state:           1
 -0.4191037330E-01   2.570748808     -0.3559870835       0.000000000    
  0.7871893040       2.570748808     -0.3559870835       0.000000000    
 -0.4191037330E-01   1.660364142     -0.3559870835       0.000000000    
 -0.4191037330E-01   2.570748808      0.2517670636       0.000000000    
 state:           2
  0.1080090534      -3.096029403      0.7022653335       0.000000000    
 -0.8367227098      -3.148365277      0.1168485315E-02   0.000000000    
 -0.1536369893      -3.187458613     -0.1271061994       0.000000000    
  0.2701566459      -2.451614600       1.077386042       0.000000000    
 time:   1281.5825734333600     
 state:           1
 -0.1517471419E-01   2.529256684     -0.5569782943       0.000000000    
  0.8816511531       2.529256684     -0.5569782943       0.000000000    
 -0.1517471419E-01   1.648660993     -0.5569782943       0.000000000    
 -0.1517471419E-01   2.529256684     -0.1341382404       0.000000000    
 state:           2
  0.7922297267E-01  -3.154195142      0.5453146652       0.000000000    
 -0.6175180526      -3.088779067      0.3429365851E-01   0.000000000    
 -0.5041527358E-01  -3.136686167     -0.1962777755       0.000000000    
  0.1818679949      -2.405390665       1.275034523       0.000000000    
 time:   1322.9239467699201     
 state:           1
 -0.1640260370E-02   2.472277779     -0.7839285695       0.000000000    
  0.9294707909       2.472277779     -0.7839285695       0.000000000    
 -0.1640260370E-02   1.632589687     -0.7839285695       0.000000000    
 -0.1640260370E-02   2.472277779     -0.5698852291       0.000000000    
 state:           2
  0.4962648532E-01  -3.124071352      0.2892852913       0.000000000    
 -0.3220337155      -2.983009679      0.7690895676E-01   0.000000000    
 -0.2145373781E-02  -3.067795635     -0.2711803720       0.000000000    
  0.4456275531E-01  -2.334855582       1.170563826       0.000000000    
 time:   1364.2653201064802     
 state:           1
 -0.1811687011E-02   2.400531523      -1.024019428       0.000000000    
  0.9288651100       2.400531523      -1.024019428       0.000000000    
 -0.1811687011E-02   1.612353144      -1.024019428       0.000000000    
 -0.1811687011E-02   2.400531523      -1.030862280       0.000000000    
 state:           2
  0.4184906800E-02  -3.049932655     -0.3187977616E-02   0.000000000    
  0.1427981405      -2.800095765      0.1243422932       0.000000000    
 -0.8368332383E-02  -2.983432425     -0.3477111417       0.000000000    
 -0.6415629102E-01  -2.352383557      0.7894752273       0.000000000    
 time:   1405.6066934430403     
 state:           1
 -0.1568260192E-01   2.314923802      -1.263690188       0.000000000    
  0.8798566952       2.314923802      -1.263690188       0.000000000    
 -0.1568260192E-01   1.588206876      -1.263690188       0.000000000    
 -0.1568260192E-01   2.314923802      -1.491032738       0.000000000    
 state:           2
 -0.6733240465E-01  -2.932923659     -0.2956595368       0.000000000    
  0.8394140001      -2.634548854      0.1021292764       0.000000000    
 -0.6906745643E-01  -2.891326626     -0.4125031327       0.000000000    
 -0.1134868810      -2.421395555      0.3269368273       0.000000000    
 time:   1446.9480667796004     
 state:           1
 -0.4273578390E-01   2.216535521      -1.489403898       0.000000000    
  0.7842729812       2.216535521      -1.489403898       0.000000000    
 -0.4273578390E-01   1.560455761      -1.489403898       0.000000000    
 -0.4273578390E-01   2.216535521      -1.924405509       0.000000000    
 state:           2
 -0.1875441861      -2.792526462     -0.6102817457       0.000000000    
   1.322469241      -2.575316957     -0.1224350201       0.000000000    
 -0.1824889306      -2.777308805     -0.3994319491       0.000000000    
 -0.1987887411      -2.491379686     -0.7590801059E-01   0.000000000    
 time:   1488.2894401161604     
 state:           1
 -0.8196246899E-01   2.106608956      -1.688411920       0.000000000    
  0.6456781109       2.106608956      -1.688411920       0.000000000    
 -0.8196246899E-01   1.529450190      -1.688411920       0.000000000    
 -0.8196246899E-01   2.106608956      -2.306503068       0.000000000    
 state:           2
 -0.3573740106      -2.621255988     -0.8238368382       0.000000000    
   1.514488907      -2.508042273     -0.4082203558       0.000000000    
 -0.3500582269      -2.629515237     -0.4554324525       0.000000000    
 -0.3526698508      -2.497114376     -0.3936839639       0.000000000    
 time:   1529.6308134527205     
 state:           1
 -0.1318999654       1.986532067      -1.849473991       0.000000000    
  0.4692400348       1.986532067      -1.849473991       0.000000000    
 -0.1318999654       1.495581647      -1.849473991       0.000000000    
 -0.1318999654       1.986532067      -2.615743990       0.000000000    
 state:           2
 -0.5710081035      -2.407175378     -0.9719766789       0.000000000    
   1.591101374      -2.429473041     -0.6883831386       0.000000000    
 -0.5641521699      -2.469665107     -0.5087947998       0.000000000    
 -0.5580172840      -2.478665736     -0.6344943052       0.000000000    
 time:   1570.9721867892806     
 state:           1
 -0.1906861949       1.857820975      -1.963493090       0.000000000    
  0.2615378080       1.857820975      -1.963493090       0.000000000    
 -0.1906861949       1.459277767      -1.963493090       0.000000000    
 -0.1906861949       1.857820975      -2.834661896       0.000000000    
 state:           2
 -0.8200828085      -2.156216032      -1.054973479       0.000000000    
   1.549449903      -2.340601299     -0.9470993669       0.000000000    
 -0.8164179380      -2.300731418     -0.5498254797       0.000000000    
 -0.8033293625      -2.449324299     -0.7990699699       0.000000000    
 time:   1612.3135601258407     
 state:           1
 -0.2561291255       1.722100820      -2.024029253       0.000000000    
  0.3031626915E-01   1.722100820      -2.024029253       0.000000000    
 -0.2561291255       1.420996930      -2.024029253       0.000000000    
 -0.2561291255       1.722100820      -2.950891987       0.000000000    
 state:           2
  -1.094803485      -1.867220067      -1.064560618       0.000000000    
   1.391087603      -2.242549161      -1.169756372       0.000000000    
  -1.097290787      -2.124839971     -0.5758332368       0.000000000    
  -1.078560193      -2.418297028     -0.8842847607       0.000000000    
 time:   1653.6549334624008     
 state:           1
 -0.3257885096       1.581085238      -2.027663310       0.000000000    
 -0.2158027510       1.581085238      -2.027663310       0.000000000    
 -0.3257885096       1.381222480      -2.027663310       0.000000000    
 -0.3257885096       1.581085238      -2.957869414       0.000000000    
 state:           2
  -1.383606526      -1.517629693     -0.9837854880       0.000000000    
   1.121919513      -2.136554661      -1.343778161       0.000000000    
  -1.396175086      -1.942828743     -0.5866851361       0.000000000    
  -1.373406309      -2.391568498     -0.8913573475       0.000000000    
 time:   1694.9963067989609     
 state:           1
 -0.3970668750       1.436554727      -1.974190007       0.000000000    
 -0.4676419211       1.436554727      -1.974190007       0.000000000    
 -0.3970668750       1.340456620      -1.974190007       0.000000000    
 -0.3970668750       1.436554727      -2.855200092       0.000000000    
 state:           2
  -1.669428243      -1.014726074     -0.7725433727       0.000000000    
  0.7519824284      -2.023956111      -1.459335735       0.000000000    
  -1.701675303      -1.756233524     -0.5827012425       0.000000000    
  -1.677226581      -2.377811630     -0.8241896769       0.000000000    
 time:   1736.3376801355209     
 state:           1
 -0.4673063814       1.290334167      -1.866629592       0.000000000    
 -0.7158106169       1.290334167      -1.866629592       0.000000000    
 -0.4673063814       1.299214069      -1.866629592       0.000000000    
 -0.4673063814       1.290334167      -2.648682930       0.000000000    
 state:           2
  -1.932755223     -0.3548542359     -0.4654757432       0.000000000    
  0.1966547155      -1.936267620      -1.481343697       0.000000000    
  -2.002174376      -1.569214466     -0.5591903836       0.000000000    
  -1.980774077      -2.337146304     -0.7014537138       0.000000000    
 time:   1777.6790534720810     
 state:           1
 -0.5338879252       1.144269775      -1.711057233       0.000000000    
 -0.9510550791       1.144269775      -1.711057233       0.000000000    
 -0.5338879252       1.258015567      -1.711057233       0.000000000    
 -0.5338879252       1.144269775      -2.349982315       0.000000000    
 state:           2
  -2.185552964     -0.3321247284E-01 -0.2649336533       0.000000000    
 -0.7402356080      -1.798096147      -1.323707751       0.000000000    
  -2.286999598      -1.384783192     -0.5149359157       0.000000000    
  -2.260089465      -2.198923272     -0.6148093954       0.000000000    
 time:   1819.0204268086411     
 state:           1
 -0.5943288018       1.000205797      -1.516259884       0.000000000    
  -1.164603469       1.000205797      -1.516259884       0.000000000    
 -0.5943288018       1.217381295      -1.516259884       0.000000000    
 -0.5943288018       1.000205797      -1.975969292       0.000000000    
 state:           2
  -2.402631230      0.4410142034E-01 -0.4408322467E-01   0.000000000    
  -1.713245404      -1.606394664      -1.008570809       0.000000000    
  -2.544812537      -1.204961392     -0.4578479786       0.000000000    
  -2.512072775      -2.026607193     -0.5353144204       0.000000000    
 time:   1860.3618001452012     
 state:           1
 -0.6463752807      0.8599612223      -1.293239981       0.000000000    
  -1.348492956      0.8599612223      -1.293239981       0.000000000    
 -0.6463752807       1.177824313      -1.293239981       0.000000000    
 -0.6463752807      0.8599612223      -1.547768660       0.000000000    
 state:           2
  -2.583385104     -0.1789907491      0.1506883569       0.000000000    
  -2.587443347      -1.385728211     -0.6168715526       0.000000000    
  -2.765701006      -1.031941043     -0.3934866370       0.000000000    
  -2.720256877      -1.816078743     -0.4177868481       0.000000000    
 time:   1901.7031734817613     
 state:           1
 -0.6880866434      0.7253068132      -1.054594012       0.000000000    
  -1.495866635      0.7253068132      -1.054594012       0.000000000    
 -0.6880866434       1.139844078      -1.054594012       0.000000000    
 -0.6880866434      0.7253068132      -1.089565813       0.000000000    
 state:           2
  -2.791909147     -0.5085840549      0.9597918714E-01   0.000000000    
  -3.294857544      -1.156144320     -0.2259083380       0.000000000    
  -2.940789781     -0.8659791134     -0.3250916994       0.000000000    
  -2.876651452      -1.512878627     -0.2358171840       0.000000000    
 time:   1943.0445468183214     
 state:           1
 -0.7179075490      0.5979427507     -0.8138010491       0.000000000    
  -1.601229210      0.5979427507     -0.8138010491       0.000000000    
 -0.7179075490       1.103920137     -0.8138010491       0.000000000    
 -0.7179075490      0.5979427507     -0.6272407139       0.000000000    
 state:           2
  -2.966361076     -0.5782606219     -0.6952896607E-02   0.000000000    
  -3.819525714     -0.9323816757      0.9502918088E-01   0.000000000    
  -3.061498010     -0.7068087542     -0.2501233910       0.000000000    
  -2.989600010      -1.216041578     -0.7944177114E-01   0.000000000    
 time:   1984.3859201548814     
 state:           1
 -0.7347260301      0.4794771658     -0.5844614283       0.000000000    
  -1.660651902      0.4794771658     -0.5844614283       0.000000000    
 -0.7347260301       1.070506074     -0.5844614283       0.000000000    
 -0.7347260301      0.4794771658     -0.1869061556       0.000000000    
 state:           2
  -3.088721028     -0.5593779207     -0.1125161303       0.000000000    
  -4.150762687     -0.7195842686      0.3224081967       0.000000000    
  -3.120060417     -0.5465644631     -0.1590843497       0.000000000    
  -3.056180839     -0.9461704503      0.3394145800E-01   0.000000000    
 time:   2025.7272934914415     
 state:           1
 -0.7379149562      0.3714058349     -0.3795285845       0.000000000    
  -1.671918946      0.3714058349     -0.3795285845       0.000000000    
 -0.7379149562       1.040023785     -0.3795285845       0.000000000    
 -0.7379149562      0.3714058349      0.2065671263       0.000000000    
 state:           2
  -3.156246923     -0.5256997697     -0.2246918275       0.000000000    
  -4.286337025     -0.5205522758      0.4507735422       0.000000000    
  -3.120550467     -0.3839771145     -0.6311729543E-01   0.000000000    
  -3.074857820     -0.6924379280      0.1076141177       0.000000000    
 time:   2067.0686668280014     
 state:           1
 -0.7273554180      0.2750932940     -0.2105774226       0.000000000    
  -1.634610216      0.2750932940     -0.2105774226       0.000000000    
 -0.7273554180       1.012858147     -0.2105774226       0.000000000    
 -0.7273554180      0.2750932940      0.5309551889       0.000000000    
 state:           2
  -3.158504454     -0.4628622287     -0.3041156088       0.000000000    
  -4.230817394     -0.3380988268      0.4803920755       0.000000000    
  -3.073786501     -0.2608550365     -0.5049942294E-02   0.000000000    
  -3.046311216     -0.4468695864      0.1407290626       0.000000000    
 time:   2108.4100401645615     
 state:           1
 -0.7034411615      0.1917556096     -0.8715054961E-01   0.000000000    
  -1.550116885      0.1917556096     -0.8715054961E-01   0.000000000    
 -0.7034411615      0.9893521592     -0.8715054961E-01   0.000000000    
 -0.7034411615      0.1917556096      0.7679361231       0.000000000    
 state:           2
  -3.103271848     -0.3927568055     -0.3655967436       0.000000000    
  -3.992903599     -0.1750693204      0.4161674786       0.000000000    
  -2.972306751     -0.1716411976      0.3531970691E-01   0.000000000    
  -2.974087572     -0.2033909745      0.1298105956       0.000000000    
 time:   2149.7514135011215     
 state:           1
 -0.6670639058      0.1224450245     -0.1621929469E-01   0.000000000    
  -1.421589556      0.1224450245     -0.1621929469E-01   0.000000000    
 -0.6670639058      0.9698026148     -0.1621929469E-01   0.000000000    
 -0.6670639058      0.1224450245      0.9041249015       0.000000000    
 state:           2
  -2.992836707     -0.3243973204     -0.4058924078       0.000000000    
  -3.584947385     -0.3429997076E-01  0.2679797417       0.000000000    
  -2.817239652     -0.1108192463      0.5968153044E-01   0.000000000    
  -2.862382687      0.3378056033E-01  0.7586904955E-01   0.000000000    
 time:   2191.0927868376816     
 state:           1
 -0.6195800927      0.6803667151E-01 -0.1789958190E-02   0.000000000    
  -1.253820781      0.6803667151E-01 -0.1789958190E-02   0.000000000    
 -0.6195800927      0.9544563512     -0.1789958190E-02   0.000000000    
 -0.6195800927      0.6803667151E-01  0.9318293840       0.000000000    
 state:           2
  -2.829774817     -0.2613092042     -0.4177948064       0.000000000    
  -3.023200699      0.8180080405E-01  0.5116961987E-01   0.000000000    
  -2.616706440     -0.6181122279E-01  0.6223138650E-01   0.000000000    
  -2.711316208      0.2465244467     -0.1293983273E-01   0.000000000    
 time:   2232.4341601742417     
 state:           1
 -0.5627603072      0.2921752439E-01 -0.4467752989E-01   0.000000000    
  -1.053066351      0.2921752439E-01 -0.4467752989E-01   0.000000000    
 -0.5627603072      0.9435071341     -0.4467752989E-01   0.000000000    
 -0.5627603072      0.2921752439E-01  0.8494847814       0.000000000    
 state:           2
  -2.617187054     -0.2038671573     -0.3923532954       0.000000000    
  -2.327409019      0.1718822573     -0.2131416898       0.000000000    
  -2.378706408     -0.2413889032E-01  0.4254408943E-01   0.000000000    
  -2.523589855      0.4319219311     -0.1314808945       0.000000000    
 time:   2273.7755335108018     
 state:           1
 -0.4987232559      0.6477723492E-02 -0.1424596571       0.000000000    
 -0.8268120344      0.6477723492E-02 -0.1424596571       0.000000000    
 -0.4987232559      0.9370932112     -0.1424596571       0.000000000    
 -0.4987232559      0.6477723492E-02  0.6617420371       0.000000000    
 state:           2
  -2.357524545     -0.1490781858     -0.3167231769       0.000000000    
  -1.520371924      0.2354296715     -0.4966301972       0.000000000    
  -2.111526725     -0.3083694022E-02  0.1370656873E-02   0.000000000    
  -2.306180641      0.5921953995     -0.2727687038       0.000000000    
 time:   2315.1169068473619     
 state:           1
 -0.4298567639      0.1043872910E-03 -0.2896134633       0.000000000    
 -0.5834944431      0.1043872910E-03 -0.2896134633       0.000000000    
 -0.4298567639      0.9352955664     -0.2896134633       0.000000000    
 -0.4298567639      0.1043872910E-03  0.3792051338       0.000000000    
 state:           2
  -2.051666275     -0.9066331327E-01 -0.1715662434       0.000000000    
 -0.6317502183      0.2725734541     -0.7586171851       0.000000000    
  -1.825090812     -0.1384208843E-02 -0.5882918586E-01   0.000000000    
  -2.068513980      0.7280195377     -0.4260761812       0.000000000    
 time:   2356.4582801839219     
 state:           1
 -0.3587287375      0.1017798715E-01 -0.4778274879       0.000000000    
 -0.3321864477      0.1017798715E-01 -0.4778274879       0.000000000    
 -0.3587287375      0.9381368970     -0.4778274879       0.000000000    
 -0.3587287375      0.1017798715E-01  0.1783216605E-01   0.000000000    
 state:           2
  -1.704189899     -0.2290811051E-01  0.7088281455E-01   0.000000000    
  0.2797471491      0.2889449850     -0.9323081385       0.000000000    
  -1.528152448     -0.1795514423E-01 -0.1297657610       0.000000000    
  -1.817803084      0.8363510109     -0.5794570241       0.000000000    
 time:   2397.7996535204820     
 state:           1
 -0.2879914115      0.3657133124E-01 -0.6964711294       0.000000000    
 -0.8225886640E-01  0.3657133124E-01 -0.6964711294       0.000000000    
 -0.2879914115      0.9455813277     -0.6964711294       0.000000000    
 -0.2879914115      0.3657133124E-01 -0.4019659960       0.000000000    
 state:           2
  -1.404907667      0.2851764614E-01  0.4384536226       0.000000000    
   1.043012465      0.2721663339     -0.9387591350       0.000000000    
  -1.230144278     -0.5114570422E-01 -0.2036045764       0.000000000    
  -1.543541776      0.8888204634     -0.7361873319       0.000000000    
 time:   2439.1410268570421     
 state:           1
 -0.2202824521      0.7895117053E-01 -0.9331950772       0.000000000    
  0.1569689557      0.7895117053E-01 -0.9331950772       0.000000000    
 -0.2202824521      0.9575348634     -0.9331950772       0.000000000    
 -0.2202824521      0.7895117053E-01 -0.8564785421       0.000000000    
 state:           2
  -1.269704149     -0.9755157475E-02  0.6290909329       0.000000000    
   1.556370394      0.1423468647     -0.8987650827       0.000000000    
 -0.9426464171     -0.1018193516     -0.2779364293       0.000000000    
  -1.232046701      0.7936572237     -0.9405664856       0.000000000    
 time:   2480.4824001936022     
 state:           1
 -0.1581266035      0.1367824064      -1.174628819       0.000000000    
  0.3765766479      0.1367824064      -1.174628819       0.000000000    
 -0.1581266035      0.9738465755      -1.174628819       0.000000000    
 -0.1581266035      0.1367824064      -1.320033943       0.000000000    
 state:           2
 -0.8661677017     -0.8836754554E-01  0.1848152468       0.000000000    
   1.863715640     -0.5350075129E-01 -0.8492532945       0.000000000    
 -0.6793713629     -0.1710142101     -0.3491851264       0.000000000    
 -0.9609163884      0.4253601024      -1.190717258       0.000000000    
 time:   2521.8237735301623     
 state:           1
 -0.1038415440      0.2093348471      -1.407135825       0.000000000    
  0.5683754389      0.2093348471      -1.407135825       0.000000000    
 -0.1038415440      0.9943105084      -1.407135825       0.000000000    
 -0.1038415440      0.2093348471      -1.766449917       0.000000000    
 state:           2
 -0.4629307375     -0.2040480766     -0.2860032317       0.000000000    
   1.942412958     -0.2882328992     -0.7149452536       0.000000000    
 -0.4529658590     -0.2585021554     -0.4100584983       0.000000000    
 -0.8385375452     -0.2583988391      -1.276292193       0.000000000    
 time:   2563.1651468667224     
 state:           1
 -0.5945146502E-01  0.2956924271      -1.617583764       0.000000000    
  0.7252135004      0.2956924271      -1.617583764       0.000000000    
 -0.5945146502E-01   1.018668279      -1.617583764       0.000000000    
 -0.5945146502E-01  0.2956924271      -2.170512240       0.000000000    
 state:           2
 -0.1623569866     -0.3449020984     -0.6341637140       0.000000000    
   1.805191528     -0.5456318634     -0.4852195658       0.000000000    
 -0.2714443198     -0.3631305161     -0.4572045168       0.000000000    
 -0.7295846647     -0.9334495478     -0.9286756868       0.000000000    
 time:   2604.5065202032824     
 state:           1
 -0.2661159176E-01  0.3947647738      -1.794086229       0.000000000    
  0.8412426261      0.3947647738      -1.794086229       0.000000000    
 -0.2661159176E-01   1.046612340      -1.794086229       0.000000000    
 -0.2661159176E-01  0.3947647738      -2.509398886       0.000000000    
 state:           2
  0.4787453679E-01 -0.4993315451     -0.8775065985       0.000000000    
   1.482334266     -0.8106526920     -0.1975199743       0.000000000    
 -0.1386877119     -0.4834130373     -0.4967296066       0.000000000    
 -0.3250764825      -1.185518863     -0.3154509204       0.000000000    
 time:   2645.8478935398425     
 state:           1
 -0.6546463426E-02  0.5053009746      -1.926674104       0.000000000    
  0.9121363010      0.5053009746      -1.926674104       0.000000000    
 -0.6546463426E-02   1.077789864      -1.926674104       0.000000000    
 -0.6546463426E-02  0.5053009746      -2.763969045       0.000000000    
 state:           2
  0.1783999704     -0.6623875455      -1.020937189       0.000000000    
   1.017575240      -1.070267281      0.9365718423E-01   0.000000000    
 -0.6047964851E-01 -0.6175305847     -0.5312265989       0.000000000    
  0.2265704285      -1.100680527      0.2812655747E-01   0.000000000    
 time:   2687.1892668764026     
 state:           1
 -0.4272163680E-05  0.6259053714      -2.007858635       0.000000000    
  0.9352510289      0.6259053714      -2.007858635       0.000000000    
 -0.4272163680E-05   1.111807193      -2.007858635       0.000000000    
 -0.4272163680E-05  0.6259053714      -2.919844223       0.000000000    
 state:           2
  0.2303329568     -0.8306576795      -1.067579514       0.000000000    
  0.4437188526      -1.322474756      0.3537114285       0.000000000    
 -0.4130844156E-01 -0.7641880537     -0.5569736934       0.000000000    
  0.5132283974      -1.054409435      0.5068280827E-01   0.000000000    
 time:   2728.5306402129627     
 state:           1
 -0.7228964390E-02  0.7550551827      -2.033054400       0.000000000    
  0.9097249035      0.7550551827      -2.033054400       0.000000000    
 -0.7228964390E-02   1.148234817      -2.033054400       0.000000000    
 -0.7228964390E-02  0.7550551827      -2.968220366       0.000000000    
 state:           2
  0.1993295973      -1.002215094      -1.025619705       0.000000000    
 -0.2171216460      -1.571786323      0.5703669351       0.000000000    
 -0.7916836606E-01 -0.9225757564     -0.5700399010       0.000000000    
  0.5536556349      -1.106354807     -0.3753664818E-01   0.000000000    
 time:   2769.8720135495228     
 state:           1
 -0.2795114447E-01  0.8911197301      -2.000838306       0.000000000    
  0.8365097476      0.8911197301      -2.000838306       0.000000000    
 -0.2795114447E-01   1.186612793      -2.000838306       0.000000000    
 -0.2795114447E-01  0.8911197301      -2.906365116       0.000000000    
 state:           2
  0.8141767295E-01  -1.173960900     -0.9035584093       0.000000000    
 -0.9406747084      -1.822559606      0.7360600858       0.000000000    
 -0.1681340663      -1.091642486     -0.5694499417       0.000000000    
  0.4402206293      -1.210435934     -0.1507474658       0.000000000    
 time:   2811.2133868860828     
 state:           1
 -0.6139812002E-01   1.032381028      -1.913029965       0.000000000    
  0.7183356213       1.032381028      -1.913029965       0.000000000    
 -0.6139812002E-01   1.226456548      -1.913029965       0.000000000    
 -0.6139812002E-01   1.032381028      -2.737772150       0.000000000    
 state:           2
 -0.1283388449      -1.340763695     -0.7087518011       0.000000000    
  -1.694572279      -2.076104412      0.8436252987       0.000000000    
 -0.3015673466      -1.269914748     -0.5585308434       0.000000000    
  0.2158033053      -1.341308018     -0.2645389181       0.000000000    
 time:   2852.5547602226429     
 state:           1
 -0.1063227141       1.177055477      -1.774588920       0.000000000    
  0.5596090229       1.177055477      -1.774588920       0.000000000    
 -0.1063227141       1.267263007      -1.774588920       0.000000000    
 -0.1063227141       1.177055477      -2.471963842       0.000000000    
 state:           2
 -0.4368211730      -1.495365014     -0.4524666101       0.000000000    
  -2.437524316      -2.327466439      0.8852081120       0.000000000    
 -0.4767862615      -1.454240482     -0.5379641431       0.000000000    
 -0.1004614274      -1.487746388     -0.3714084307       0.000000000    
 time:   2893.8961335592030     
 state:           1
 -0.1610497702       1.323316378      -1.593334522       0.000000000    
  0.3662485787       1.323316378      -1.593334522       0.000000000    
 -0.1610497702       1.308516937      -1.593334522       0.000000000    
 -0.1610497702       1.323316378      -2.123953432       0.000000000    
 state:           2
 -0.8619000969      -1.624241549     -0.1608994934       0.000000000    
  -3.118944509      -2.561365539      0.8516215230       0.000000000    
 -0.6932734807      -1.639200481     -0.4925972629       0.000000000    
 -0.5054117046      -1.643964129     -0.4641801240       0.000000000    
 time:   2935.2375068957631     
 state:           1
 -0.2235386160       1.469317007      -1.379504283       0.000000000    
  0.1454643483       1.469317007      -1.379504283       0.000000000    
 -0.2235386160       1.349697454      -1.379504283       0.000000000    
 -0.2235386160       1.469317007      -1.713397056       0.000000000    
 state:           2
  -1.436993340      -1.689355708      0.1427885229       0.000000000    
  -3.683716494      -2.750936235      0.7490323480       0.000000000    
 -0.9388357852      -1.822593552     -0.4204704729       0.000000000    
 -0.9935348657      -1.805969390     -0.5150954431       0.000000000    
 time:   2976.5788802323232     
 state:           1
 -0.2914591560       1.613213921      -1.145175646       0.000000000    
 -0.9451102583E-01   1.613213921      -1.145175646       0.000000000    
 -0.2914591560       1.390284604      -1.145175646       0.000000000    
 -0.2914591560       1.613213921      -1.263483533       0.000000000    
 state:           2
  -2.081890152      -1.603811805      0.3165890043       0.000000000    
  -4.150703602      -2.855147893      0.6241143839       0.000000000    
  -1.216625187      -2.001337122     -0.3413400120       0.000000000    
  -1.515299808      -1.970347054     -0.4988565322       0.000000000    
 time:   3017.9202535688833     
 state:           1
 -0.3622787567       1.753190241     -0.9035838326       0.000000000    
 -0.3447292984       1.753190241     -0.9035838326       0.000000000    
 -0.3622787567       1.429765923     -0.9035838326       0.000000000    
 -0.3622787567       1.753190241     -0.7996246314       0.000000000    
 state:           2
  -2.343233360      -1.471524754     -0.1437782686E-01   0.000000000    
  -4.701398639      -2.961362960      0.4017787165       0.000000000    
  -1.516123816      -2.174512317     -0.2654048141       0.000000000    
  -2.028321842      -2.140742725     -0.4549807406       0.000000000    
 time:   3059.2616269054433     
 state:           1
 -0.4333566841       1.887478592     -0.6683742990       0.000000000    
 -0.5958602850       1.887478592     -0.6683742990       0.000000000    
 -0.4333566841       1.467642909     -0.6683742990       0.000000000    
 -0.4333566841       1.887478592     -0.3480197771       0.000000000    
 state:           2
  -2.356814096      -1.550405453     -0.3198989031       0.000000000    
  -5.157727223      -3.103778376      0.9013120789E-01   0.000000000    
  -1.821145227      -2.342077942     -0.1940445276       0.000000000    
  -2.515381057      -2.334754134     -0.3952034696       0.000000000    
 time:   3100.6030002420034     
 state:           1
 -0.5020425714       2.014383415     -0.4528320217       0.000000000    
 -0.8385397677       2.014383415     -0.4528320217       0.000000000    
 -0.5020425714       1.503437319     -0.4528320217       0.000000000    
 -0.5020425714       2.014383415      0.6582373212E-01   0.000000000    
 state:           2
  -2.413035014      -1.702024083     -0.3996653209       0.000000000    
  -5.425701987      -3.219404247     -0.2426494639       0.000000000    
  -2.118344570      -2.502013317     -0.1288767362       0.000000000    
  -2.933385217      -2.554644798     -0.3026558099       0.000000000    
 time:   3141.9443735785635     
 state:           1
 -0.5657752467       2.132302377     -0.2691311416       0.000000000    
  -1.063718670       2.132302377     -0.2691311416       0.000000000    
 -0.5657752467       1.536697202     -0.2691311416       0.000000000    
 -0.5657752467       2.132302377      0.4185314136       0.000000000    
 state:           2
  -2.493716441      -1.873183799     -0.4056951446       0.000000000    
  -5.519811247      -3.320529618     -0.5821299887       0.000000000    
  -2.396351191      -2.651633854     -0.7288177268E-01   0.000000000    
  -3.244035953      -2.789903236     -0.1708731688       0.000000000    
 time:   3183.2857469151236     
 state:           1
 -0.6221782346       2.239746603     -0.1276473512       0.000000000    
  -1.263000479       2.239746603     -0.1276473512       0.000000000    
 -0.6221782346       1.567002612     -0.1276473512       0.000000000    
 -0.6221782346       2.239746603      0.6901818251       0.000000000    
 state:           2
  -2.596779860      -2.070769271     -0.3883879500       0.000000000    
  -5.441244803      -3.406026483     -0.9104910276       0.000000000    
  -2.645246871      -2.788400973     -0.2920112305E-01   0.000000000    
  -3.422989689      -3.035094999     -0.4570502348E-02   0.000000000    
 time:   3224.6271202516837     
 state:           1
 -0.6691483701       2.335359476     -0.3637186055E-01   0.000000000    
  -1.428954340       2.335359476     -0.3637186055E-01   0.000000000    
 -0.6691483701       1.593970904     -0.3637186055E-01   0.000000000    
 -0.6691483701       2.335359476      0.8654317566       0.000000000    
 state:           2
  -2.728225890      -2.289742510     -0.3569661651       0.000000000    
  -5.194156980      -3.469115630      -1.207968127       0.000000000    
  -2.855421734      -2.909995761     -0.3450102574E-03   0.000000000    
  -3.429349730      -3.297722890      0.1891715204       0.000000000    
 time:   3265.9684935882437     
 state:           1
 -0.7049342223       2.417933763     -0.4600420871E-03   0.000000000    
  -1.555392135       2.417933763     -0.4600420871E-03   0.000000000    
 -0.7049342223       1.617261570     -0.4600420871E-03   0.000000000    
 -0.7049342223       2.417933763      0.9343828374       0.000000000    
 state:           2
  -2.875699178      -2.515901193     -0.3129793873       0.000000000    
  -4.791489562      -3.509250014      -1.448741076       0.000000000    
  -3.017213951      -3.014516260      0.1206256086E-01   0.000000000    
  -3.148659886      -3.564396152      0.3670352971       0.000000000    
 time:   3307.3098669248038     
 state:           1
 -0.7282014018       2.486426860     -0.2194024739E-01   0.000000000    
  -1.637599227       2.486426860     -0.2194024739E-01   0.000000000    
 -0.7282014018       1.636580536     -0.2194024739E-01   0.000000000    
 -0.7282014018       2.486426860      0.8931406103       0.000000000    
 state:           2
  -3.008536058      -2.731748079     -0.2602404011       0.000000000    
  -4.246057587      -3.538152409      -1.623114255       0.000000000    
  -3.122656004      -3.100799656      0.7194870055E-02   0.000000000    
  -2.499881572      -3.610476551      0.3048143313       0.000000000    
 time:   3348.6512402613639     
 state:           1
 -0.7380823177       2.539973957     -0.9959924319E-01   0.000000000    
  -1.672510264       2.539973957     -0.9959924319E-01   0.000000000    
 -0.7380823177       1.651683876     -0.9959924319E-01   0.000000000    
 -0.7380823177       2.539973957      0.7440344965       0.000000000    
 state:           2
  -3.094781522      -2.919925695     -0.2106733152       0.000000000    
  -3.593799376      -3.553647581      -1.760705424       0.000000000    
  -3.168005283      -3.166729284     -0.1608979701E-01   0.000000000    
  -1.742242608      -3.222242564     -0.8806532719E-01   0.000000000    
 time:   3389.9926135979240     
 state:           1
 -0.7342085288       2.577898953     -0.2290507366       0.000000000    
  -1.658823478       2.577898953     -0.2290507366       0.000000000    
 -0.7342085288       1.662380891     -0.2290507366       0.000000000    
 -0.7342085288       2.577898953      0.4954862256       0.000000000    
 state:           2
  -3.125467392      -3.083116618     -0.1669450311       0.000000000    
  -2.882691798      -3.548031473      -1.833892551       0.000000000    
  -3.152675121      -3.207671701     -0.6015206177E-01   0.000000000    
  -1.220110317      -2.757178769     -0.3727970138       0.000000000    
 time:   3431.3339869344841     
 state:           1
 -0.7167244815       2.599722999     -0.4029831192       0.000000000    
  -1.597049222       2.599722999     -0.4029831192       0.000000000    
 -0.7167244815       1.668536519     -0.4029831192       0.000000000    
 -0.7167244815       2.599722999      0.1615341653       0.000000000    
 state:           2
  -3.105363019      -3.236304431     -0.1215337326       0.000000000    
  -2.131189312      -3.503568293      -1.786975053       0.000000000    
  -3.077501539      -3.215893775     -0.1293514146       0.000000000    
  -1.209411620      -2.624743510     -0.3192477205       0.000000000    
 time:   3472.6753602710442     
 state:           1
 -0.6862821242       2.605170538     -0.6115724373       0.000000000    
  -1.489490948       2.605170538     -0.6115724373       0.000000000    
 -0.6862821242       1.670073036     -0.6115724373       0.000000000    
 -0.6862821242       2.605170538     -0.2389595867       0.000000000    
 state:           2
  -3.027886948      -3.370827903     -0.8344486177E-01   0.000000000    
  -1.330378804      -3.401305684      -1.624026448       0.000000000    
  -2.948201304      -3.204017103     -0.2098756717       0.000000000    
  -1.561086114      -2.766237752     -0.2107226101       0.000000000    
 time:   3514.0167336076042     
 state:           1
 -0.6440165971       2.594172789     -0.8430372630       0.000000000    
  -1.340159307       2.594172789     -0.8430372630       0.000000000    
 -0.6440165971       1.666971043     -0.8430372630       0.000000000    
 -0.6440165971       2.594172789     -0.6833745615       0.000000000    
 state:           2
  -2.873339972      -3.467497692     -0.6375727509E-01   0.000000000    
 -0.5219539277      -3.265159567      -1.412793859       0.000000000    
  -2.769862054      -3.183941494     -0.2868749891       0.000000000    
  -1.843436121      -2.913974968     -0.2055450038       0.000000000    
 time:   3555.3581069441643     
 state:           1
 -0.5915039048       2.566868611      -1.084304127       0.000000000    
  -1.154622604       2.566868611      -1.084304127       0.000000000    
 -0.5915039048       1.659269705      -1.084304127       0.000000000    
 -0.5915039048       2.566868611      -1.146609556       0.000000000    
 state:           2
  -2.638897728      -3.524870073     -0.5944420830E-01   0.000000000    
  0.2402726385      -3.113757557      -1.166397593       0.000000000    
  -2.544807618      -3.149160343     -0.3603505496       0.000000000    
  -1.977117963      -3.003577469     -0.2635000968       0.000000000    
 time:   3596.6994802807244     
 state:           1
 -0.5307021500       2.523602755      -1.321745926       0.000000000    
 -0.9397991674       2.523602755      -1.321745926       0.000000000    
 -0.5307021500       1.647066262      -1.321745926       0.000000000    
 -0.5307021500       2.523602755      -1.602500384       0.000000000    
 state:           2
  -2.334737497      -3.540672941     -0.7098900096E-01   0.000000000    
  0.9221619989      -2.949628849     -0.8865250858       0.000000000    
  -2.277630968      -3.096006776     -0.4281382960       0.000000000    
  -2.010820319      -3.042099230     -0.3560762755       0.000000000    
 time:   3638.0408536172845     
 state:           1
 -0.4638785198       2.464921505      -1.541951601       0.000000000    
 -0.7036993708       2.464921505      -1.541951601       0.000000000    
 -0.4638785198       1.630514797      -1.541951601       0.000000000    
 -0.4638785198       2.464921505      -2.025297668       0.000000000    
 state:           2
  -1.976434376      -3.512280799     -0.9905771780E-01   0.000000000    
   1.497205611      -2.773016306     -0.5831336839       0.000000000    
  -1.974183590      -3.022035054     -0.4870609553       0.000000000    
  -1.981785770      -3.040100508     -0.4677185051       0.000000000    
 time:   3679.3822269538446     
 state:           1
 -0.3935247458       2.391565787      -1.732483617       0.000000000    
 -0.4551269471       2.391565787      -1.732483617       0.000000000    
 -0.3935247458       1.609824294      -1.732483617       0.000000000    
 -0.3935247458       2.391565787      -2.391121204       0.000000000    
 state:           2
  -1.579911712      -3.435621404     -0.1423651505       0.000000000    
   1.944494147      -2.584024297     -0.2713745108       0.000000000    
  -1.652247382      -2.928825478     -0.5354327619       0.000000000    
  -1.901802312      -3.003040131     -0.5834576449       0.000000000    
 time:   3720.7236002904046     
 state:           1
 -0.3222641923       2.304461808      -1.882580448       0.000000000    
 -0.2033507101       2.304461808      -1.882580448       0.000000000    
 -0.3222641923       1.585255996      -1.882580448       0.000000000    
 -0.3222641923       2.304461808      -2.679308747       0.000000000    
 state:           2
  -1.159663403      -3.302184942     -0.1972670810       0.000000000    
   2.248917810      -2.382886794      0.3183396367E-01   0.000000000    
  -1.335907518      -2.822233593     -0.5723503592       0.000000000    
  -1.769273266      -2.931281991     -0.6882515303       0.000000000    
 time:   3762.0649736269647     
 state:           1
 -0.2527540359       2.204709365      -1.983764408       0.000000000    
  0.4224106237E-01   2.204709365      -1.983764408       0.000000000    
 -0.2527540359       1.557120109      -1.983764408       0.000000000    
 -0.2527540359       2.204709365      -2.873583048       0.000000000    
 state:           2
 -0.7305319210      -3.095770943     -0.2569808932       0.000000000    
   2.401043705      -2.170594662      0.3101405020       0.000000000    
  -1.034659063      -2.704360671     -0.5954922661       0.000000000    
  -1.593207342      -2.827280624     -0.7703042226       0.000000000    
 time:   3803.4063469635248     
 state:           1
 -0.1875861838       2.093567957      -2.030320480       0.000000000    
  0.2724906996       2.093567957      -2.030320480       0.000000000    
 -0.1875861838       1.525771883      -2.030320480       0.000000000    
 -0.1875861838       2.093567957      -2.962971211       0.000000000    
 state:           2
 -0.3137164997      -2.788577975     -0.3100237908       0.000000000    
   2.396991480      -1.949759459      0.5494870195       0.000000000    
 -0.7561497963      -2.574529040     -0.6042945514       0.000000000    
  -1.381684371      -2.694360443     -0.8181164809       0.000000000    
 time:   3844.7477203000849     
 state:           1
 -0.1291906268       1.972440885      -2.019619109       0.000000000    
  0.4788126112       1.972440885      -2.019619109       0.000000000    
 -0.1291906268       1.491607129      -2.019619109       0.000000000    
 -0.1291906268       1.972440885      -2.942424462       0.000000000    
 state:           2
  0.4109612066E-01  -2.344939633     -0.3397661388       0.000000000    
   2.235928643      -1.726579010      0.7402366897       0.000000000    
 -0.5095983159      -2.431634332     -0.5990733979       0.000000000    
  -1.137206378      -2.537783436     -0.8195718383       0.000000000    
 time:   3886.0890936366450     
 state:           1
 -0.7974482900E-01   1.842857528      -1.952264724       0.000000000    
  0.6535134283       1.842857528      -1.952264724       0.000000000    
 -0.7974482900E-01   1.455057220      -1.952264724       0.000000000    
 -0.7974482900E-01   1.842857528      -2.813103313       0.000000000    
 state:           2
  0.2027972558      -1.784521691     -0.3372541240       0.000000000    
   1.910048564      -1.515828787      0.8766471700       0.000000000    
 -0.3044397237      -2.276137844     -0.5798206652       0.000000000    
 -0.8541903897      -2.368191261     -0.7629258713       0.000000000    
 time:   3927.4304669732051     
 state:           1
 -0.4109253431E-01   1.706454040      -1.832061599       0.000000000    
  0.7900788750       1.706454040      -1.832061599       0.000000000    
 -0.4109253431E-01   1.416583644      -1.832061599       0.000000000    
 -0.4109253431E-01   1.706454040      -2.582312008       0.000000000    
 state:           2
  0.2058221809E-01  -1.257339671     -0.3532765544       0.000000000    
   1.413619719      -1.320999198      0.9377858136       0.000000000    
 -0.1488729963      -2.110291698     -0.5466607514       0.000000000    
 -0.5235625294      -2.199252826     -0.6419033720       0.000000000    
 time:   3968.7718403097651     
 state:           1
 -0.1467501654E-01   1.564952686      -1.665798980       0.000000000    
  0.8834166740       1.564952686      -1.665798980       0.000000000    
 -0.1467501654E-01   1.376672179      -1.665798980       0.000000000    
 -0.1467501654E-01   1.564952686      -2.263085977       0.000000000    
 state:           2
 -0.4114977825     -0.9016035103     -0.5021032345       0.000000000    
  0.7968053332      -1.108846885      0.9039676555       0.000000000    
 -0.4724708055E-01  -1.937120849     -0.4999701471       0.000000000    
 -0.1402292718      -2.040393583     -0.4528904093       0.000000000    
 time:   4010.1132136463252     
 state:           1
 -0.1477336904E-02   1.420140096      -1.462867622       0.000000000    
  0.9300464286       1.420140096      -1.462867622       0.000000000    
 -0.1477336904E-02   1.335826756      -1.462867622       0.000000000    
 -0.1477336904E-02   1.420140096      -1.873455570       0.000000000    
 state:           2
 -0.7861672444     -0.8041324687     -0.8823471284       0.000000000    
  0.9490570633E-01 -0.8859677312      0.7953248546       0.000000000    
  0.5959091177E-03  -1.759261444     -0.4405251373       0.000000000    
  0.3050192869      -1.903150624     -0.1714479901       0.000000000    
 time:   4051.4545869828853     
 state:           1
 -0.1991612816E-02   1.273844713      -1.234729383       0.000000000    
  0.9282294001       1.273844713      -1.234729383       0.000000000    
 -0.1991612816E-02   1.294563101      -1.234729383       0.000000000    
 -0.1991612816E-02   1.273844713      -1.435427679       0.000000000    
 state:           2
 -0.6876161096      -1.001928077      -1.395166502       0.000000000    
 -0.6693396336     -0.6614009884      0.6232426159       0.000000000    
 -0.5528644667E-02  -1.579378618     -0.3703944501       0.000000000    
  0.7442775141      -1.768128673      0.2031443025       0.000000000    
 time:   4092.7959603194454     
 state:           1
 -0.1619866787E-01   1.127913698     -0.9942698429       0.000000000    
  0.8780333423       1.127913698     -0.9942698429       0.000000000    
 -0.1619866787E-01   1.253402218     -0.9942698429       0.000000000    
 -0.1619866787E-01   1.127913698     -0.9737427545       0.000000000    
 state:           2
 -0.4057899391      -1.144595489      -1.435023402       0.000000000    
  -1.462335252     -0.4518041921      0.3962838294       0.000000000    
 -0.6769786413E-01  -1.400417330     -0.2926100826       0.000000000    
  0.9093532231      -1.409689880      0.2698809887       0.000000000    
 time:   4134.1373336560055     
 state:           1
 -0.4356874684E-01  0.9841896129     -0.7550705050       0.000000000    
  0.7813299747      0.9841896129     -0.7550705050       0.000000000    
 -0.4356874684E-01   1.212863816     -0.7550705050       0.000000000    
 -0.4356874684E-01  0.9841896129     -0.5144774324       0.000000000    
 state:           2
 -0.3827883044      -1.110391384      -1.135815053       0.000000000    
  -2.265044433     -0.2661328337      0.1344932612       0.000000000    
 -0.1865477816      -1.224894611     -0.2129922079       0.000000000    
  0.7078195769     -0.7985939836     -0.2301238898       0.000000000    
